% # columns="iteration, evaluation, min max(neg(.)) min(pos(.)) max correlation, correlation matrix principal axes lengths  (sorted square roots of eigenvalues of correlation matrix)", seed=860942, Mon Jul 25 17:22:06 2022
1 7 -0.1875810364340786 -0.1380855206541962 0.024968781330421057 0.02982469954541104 0.8989938828245497 1.0016072962677292 1.090226042023987
2 14 -0.1875810364340786 -0.1380855206541962 0.024968781330421057 0.02982469954541104 0.8989938828245497 1.0016072962677292 1.090226042023987
3 21 -0.1875810364340786 -0.1380855206541962 0.024968781330421057 0.02982469954541104 0.8989938828245497 1.0016072962677292 1.090226042023987
4 28 -0.5653020681105299 -0.5088922577242119 -0.0245670275018028 0.08046490551934891 0.6114340723642763 0.9639460631601299 1.3026727764370158
5 35 -0.5653020681105299 -0.5088922577242119 -0.0245670275018028 0.08046490551934891 0.6114340723642763 0.9639460631601299 1.3026727764370158
6 42 -0.5653020681105299 -0.5088922577242119 -0.0245670275018028 0.08046490551934891 0.6114340723642763 0.9639460631601299 1.3026727764370158
7 49 -0.6755876830256426 -0.6390822978414619 0.285372948314903 0.5570193118495104 0.568196337331142 0.7070996184108266 1.4755212814076044
8 56 -0.6755876830256426 -0.6390822978414619 0.285372948314903 0.5570193118495104 0.568196337331142 0.7070996184108266 1.4755212814076044
9 63 -0.6755876830256426 -0.6390822978414619 0.285372948314903 0.5570193118495104 0.568196337331142 0.7070996184108266 1.4755212814076044
10 70 -0.4872981439308682 -0.40901829336684786 0.29651464473923905 0.453412440210581 0.6445455715472624 0.909034621125776 1.3259777765081622
11 77 -0.4872981439308682 -0.40901829336684786 0.29651464473923905 0.453412440210581 0.6445455715472624 0.909034621125776 1.3259777765081622
12 84 -0.4872981439308682 -0.40901829336684786 0.29651464473923905 0.453412440210581 0.6445455715472624 0.909034621125776 1.3259777765081622
13 91 -0.05575053633239257 -0.04858240344149708 0.264031908475696 0.3610685462238649 0.7986122751764826 0.9959284165484498 1.1706173683355037
14 98 -0.05575053633239257 -0.04858240344149708 0.264031908475696 0.3610685462238649 0.7986122751764826 0.9959284165484498 1.1706173683355037
15 105 -0.05575053633239257 -0.04858240344149708 0.264031908475696 0.3610685462238649 0.7986122751764826 0.9959284165484498 1.1706173683355037
16 112 -0.12922225427991885 -0.09054019125207691 0.3513962013041727 0.460026269128414 0.7176346010695056 1.0066050964799793 1.2131557027390771
17 119 -0.12922225427991885 -0.09054019125207691 0.3513962013041727 0.460026269128414 0.7176346010695056 1.0066050964799793 1.2131557027390771
18 126 -0.12922225427991885 -0.09054019125207691 0.3513962013041727 0.460026269128414 0.7176346010695056 1.0066050964799793 1.2131557027390771
19 133 -0.28856084084254197 -0.26288311521788965 0.4056087944064962 0.6027617053233059 0.6221743694436243 0.9273146850552663 1.3240039761602989
20 140 -0.28856084084254197 -0.26288311521788965 0.4056087944064962 0.6027617053233059 0.6221743694436243 0.9273146850552663 1.3240039761602989
21 147 -0.28856084084254197 -0.26288311521788965 0.4056087944064962 0.6027617053233059 0.6221743694436243 0.9273146850552663 1.3240039761602989
22 154 -0.21564518237418698 -0.1789906740318421 0.27106647912227744 0.3844310218313057 0.7654940439159511 0.9703084284427215 1.213474524834461
23 161 -0.21564518237418698 -0.1789906740318421 0.27106647912227744 0.3844310218313057 0.7654940439159511 0.9703084284427215 1.213474524834461
24 168 -0.21564518237418698 -0.1789906740318421 0.27106647912227744 0.3844310218313057 0.7654940439159511 0.9703084284427215 1.213474524834461
25 175 -0.1754015992854 -0.14299741353176612 0.2737904232789543 0.3803155164622272 0.7727120949845133 0.9825234650726233 1.1989844281083597
26 182 -0.1754015992854 -0.14299741353176612 0.2737904232789543 0.3803155164622272 0.7727120949845133 0.9825234650726233 1.1989844281083597
27 189 -0.1754015992854 -0.14299741353176612 0.2737904232789543 0.3803155164622272 0.7727120949845133 0.9825234650726233 1.1989844281083597
28 196 -0.22455310319992755 -0.1520845522879804 0.09997386614252471 0.11152478804074592 0.8481236274394739 1.025025102967662 1.1090580917449915
29 203 -0.22455310319992755 -0.1520845522879804 0.09997386614252471 0.11152478804074592 0.8481236274394739 1.025025102967662 1.1090580917449915
30 210 -0.22455310319992755 -0.1520845522879804 0.09997386614252471 0.11152478804074592 0.8481236274394739 1.025025102967662 1.1090580917449915
31 217 -0.13130514289141532 -0.1284509200224249 -0.02847273224948213 0.0019991074725083744 0.9072974342910344 0.9990040725214677 1.0857265902677466
32 224 -0.13130514289141532 -0.1284509200224249 -0.02847273224948213 0.0019991074725083744 0.9072974342910344 0.9990040725214677 1.0857265902677466
33 231 -0.13130514289141532 -0.1284509200224249 -0.02847273224948213 0.0019991074725083744 0.9072974342910344 0.9990040725214677 1.0857265902677466
34 238 -0.02960527879399912 0.015612217720615384 0.293776356488142 0.34128023956270304 0.7842644573943515 1.0108769360389855 1.1675003559110277
35 245 -0.02960527879399912 0.015612217720615384 0.293776356488142 0.34128023956270304 0.7842644573943515 1.0108769360389855 1.1675003559110277
36 252 -0.02960527879399912 0.015612217720615384 0.293776356488142 0.34128023956270304 0.7842644573943515 1.0108769360389855 1.1675003559110277
37 259 0.1331380144786652 0.21122794282410112 0.48996996389872594 0.504794042578165 0.6239369701033709 0.9316550553237218 1.3201217804535985
38 266 0.1331380144786652 0.21122794282410112 0.48996996389872594 0.504794042578165 0.6239369701033709 0.9316550553237218 1.3201217804535985
39 273 0.1331380144786652 0.21122794282410112 0.48996996389872594 0.504794042578165 0.6239369701033709 0.9316550553237218 1.3201217804535985
40 280 0.0792503374941211 0.1517867465796443 0.4361283758132889 0.4583725098056472 0.6696834772236328 0.9605340530161619 1.2762830302601416
41 287 0.0792503374941211 0.1517867465796443 0.4361283758132889 0.4583725098056472 0.6696834772236328 0.9605340530161619 1.2762830302601416
42 294 0.0792503374941211 0.1517867465796443 0.4361283758132889 0.4583725098056472 0.6696834772236328 0.9605340530161619 1.2762830302601416
43 301 -0.00958972737451506 0.10913111366771155 0.5721899276173171 0.6078220245582924 0.4794605076169949 1.0046179169373555 1.326974175560362
44 308 -0.00958972737451506 0.10913111366771155 0.5721899276173171 0.6078220245582924 0.4794605076169949 1.0046179169373555 1.326974175560362
45 315 -0.00958972737451506 0.10913111366771155 0.5721899276173171 0.6078220245582924 0.4794605076169949 1.0046179169373555 1.326974175560362
46 322 0.05430171332702316 0.13273296762172646 0.47476451025874034 0.510343770176375 0.6291089488530297 0.9739174190457663 1.2867427059642766
47 329 0.05430171332702316 0.13273296762172646 0.47476451025874034 0.510343770176375 0.6291089488530297 0.9739174190457663 1.2867427059642766
48 336 0.05430171332702316 0.13273296762172646 0.47476451025874034 0.510343770176375 0.6291089488530297 0.9739174190457663 1.2867427059642766
49 343 -0.06957878676472584 0.02213241557815354 0.4753136275836797 0.5346628292426423 0.5974818490498293 1.029021100798128 1.258622665522994
50 350 -0.06957878676472584 0.02213241557815354 0.4753136275836797 0.5346628292426423 0.5974818490498293 1.029021100798128 1.258622665522994
51 357 -0.06957878676472584 0.02213241557815354 0.4753136275836797 0.5346628292426423 0.5974818490498293 1.029021100798128 1.258622665522994
52 364 -0.38437855141888166 -0.216531208143262 0.41689921878964953 0.46019535115833365 0.4911580436523695 1.130855175621642 1.2165238788964732
53 371 -0.38437855141888166 -0.216531208143262 0.41689921878964953 0.46019535115833365 0.4911580436523695 1.130855175621642 1.2165238788964732
54 378 -0.38437855141888166 -0.216531208143262 0.41689921878964953 0.46019535115833365 0.4911580436523695 1.130855175621642 1.2165238788964732
55 385 -0.3135138621508059 -0.1705056846253335 0.3812409739157161 0.4221483492372603 0.576457923964112 1.1131694724024201 1.1952196399031867
56 392 -0.3135138621508059 -0.1705056846253335 0.3812409739157161 0.4221483492372603 0.576457923964112 1.1131694724024201 1.1952196399031867
57 399 -0.3135138621508059 -0.1705056846253335 0.3812409739157161 0.4221483492372603 0.576457923964112 1.1131694724024201 1.1952196399031867
58 406 -0.4858821638047591 -0.35263175633814875 0.3037856708610707 0.3893410724608669 0.5948725789067446 1.022728697939437 1.2649713930662394
59 413 -0.4858821638047591 -0.35263175633814875 0.3037856708610707 0.3893410724608669 0.5948725789067446 1.022728697939437 1.2649713930662394
60 420 -0.4858821638047591 -0.35263175633814875 0.3037856708610707 0.3893410724608669 0.5948725789067446 1.022728697939437 1.2649713930662394
61 427 -0.5696388712724206 -0.39394947152016907 0.22443995713890028 0.25488036693967187 0.5646942204707676 1.047468190477324 1.2585431368471534
62 434 -0.5696388712724206 -0.39394947152016907 0.22443995713890028 0.25488036693967187 0.5646942204707676 1.047468190477324 1.2585431368471534
63 441 -0.5696388712724206 -0.39394947152016907 0.22443995713890028 0.25488036693967187 0.5646942204707676 1.047468190477324 1.2585431368471534
64 448 -0.45252998213551127 -0.313570467503612 0.2834692061059854 0.34352291601061863 0.6159086028504757 1.0484524416032108 1.2334520949883059
65 455 -0.45252998213551127 -0.313570467503612 0.2834692061059854 0.34352291601061863 0.6159086028504757 1.0484524416032108 1.2334520949883059
66 462 -0.45252998213551127 -0.313570467503612 0.2834692061059854 0.34352291601061863 0.6159086028504757 1.0484524416032108 1.2334520949883059
67 469 -0.19996516082720797 -0.14542740092105233 0.45094021471938023 0.5951916600267021 0.6053401263366942 1.0054722689005262 1.2738087956670354
68 476 -0.19996516082720797 -0.14542740092105233 0.45094021471938023 0.5951916600267021 0.6053401263366942 1.0054722689005262 1.2738087956670354
69 483 -0.19996516082720797 -0.14542740092105233 0.45094021471938023 0.5951916600267021 0.6053401263366942 1.0054722689005262 1.2738087956670354
70 490 -0.13096211584942416 -0.10938289816421462 0.5309110123810323 0.722763098210905 0.5215779892421878 0.9921621924239005 1.3204433289856385
71 497 -0.13096211584942416 -0.10938289816421462 0.5309110123810323 0.722763098210905 0.5215779892421878 0.9921621924239005 1.3204433289856385
72 504 -0.13096211584942416 -0.10938289816421462 0.5309110123810323 0.722763098210905 0.5215779892421878 0.9921621924239005 1.3204433289856385
73 511 -0.2286745195022012 -0.22726514369253292 0.5116181336659964 0.7565031836425046 0.49343059913714044 0.9397882037907542 1.3686944055744914
74 518 -0.2286745195022012 -0.22726514369253292 0.5116181336659964 0.7565031836425046 0.49343059913714044 0.9397882037907542 1.3686944055744914
75 525 -0.2286745195022012 -0.22726514369253292 0.5116181336659964 0.7565031836425046 0.49343059913714044 0.9397882037907542 1.3686944055744914
76 532 -0.3915946565995241 -0.36598200586655094 0.5119104402708832 0.7789286049170547 0.46136847579087126 0.8820138298154043 1.4174592528749361
77 539 -0.3915946565995241 -0.36598200586655094 0.5119104402708832 0.7789286049170547 0.46136847579087126 0.8820138298154043 1.4174592528749361
78 546 -0.3915946565995241 -0.36598200586655094 0.5119104402708832 0.7789286049170547 0.46136847579087126 0.8820138298154043 1.4174592528749361
79 553 -0.5193342401314223 -0.4236391421867329 0.43631924314604115 0.6272769403122764 0.4994741092631379 0.9305826449502342 1.3727860558343465
80 560 -0.5193342401314223 -0.4236391421867329 0.43631924314604115 0.6272769403122764 0.4994741092631379 0.9305826449502342 1.3727860558343465
81 567 -0.5193342401314223 -0.4236391421867329 0.43631924314604115 0.6272769403122764 0.4994741092631379 0.9305826449502342 1.3727860558343465
82 574 -0.6446649443448438 -0.5124914013487197 0.5223352582866437 0.7351039351689742 0.2791584058212926 0.9407708556596396 1.4272423696067689
83 581 -0.6446649443448438 -0.5124914013487197 0.5223352582866437 0.7351039351689742 0.2791584058212926 0.9407708556596396 1.4272423696067689
84 588 -0.6446649443448438 -0.5124914013487197 0.5223352582866437 0.7351039351689742 0.2791584058212926 0.9407708556596396 1.4272423696067689
85 595 -0.6226850343996275 -0.47628938083074074 0.4786668995355672 0.650590006088783 0.34319610992123084 0.9812916615488098 1.3853819347420802
86 602 -0.6226850343996275 -0.47628938083074074 0.4786668995355672 0.650590006088783 0.34319610992123084 0.9812916615488098 1.3853819347420802
87 609 -0.6226850343996275 -0.47628938083074074 0.4786668995355672 0.650590006088783 0.34319610992123084 0.9812916615488098 1.3853819347420802
88 616 -0.547032394714728 -0.3887151485333836 0.4599182959006653 0.5844788645306705 0.39403684841314146 1.0421340756103288 1.32615667646943
89 623 -0.547032394714728 -0.3887151485333836 0.4599182959006653 0.5844788645306705 0.39403684841314146 1.0421340756103288 1.32615667646943
90 630 -0.547032394714728 -0.3887151485333836 0.4599182959006653 0.5844788645306705 0.39403684841314146 1.0421340756103288 1.32615667646943
91 637 -0.6056595123891022 -0.4319261255135537 0.45018712998888194 0.5704914949474786 0.34956968390066107 1.0436047123731143 1.3374192463136685
92 644 -0.6056595123891022 -0.4319261255135537 0.45018712998888194 0.5704914949474786 0.34956968390066107 1.0436047123731143 1.3374192463136685
93 651 -0.6056595123891022 -0.4319261255135537 0.45018712998888194 0.5704914949474786 0.34956968390066107 1.0436047123731143 1.3374192463136685
94 658 -0.1851440631623584 -0.036569949804461654 0.4344759266268198 0.4429171054126835 0.5455100913494281 1.0883150166854405 1.23206702930194
95 665 -0.1851440631623584 -0.036569949804461654 0.4344759266268198 0.4429171054126835 0.5455100913494281 1.0883150166854405 1.23206702930194
96 672 -0.1851440631623584 -0.036569949804461654 0.4344759266268198 0.4429171054126835 0.5455100913494281 1.0883150166854405 1.23206702930194
97 679 0.11107382147483544 0.17645666415341532 0.4810011957526128 0.5171331969404321 0.6418297721729351 0.9460312223658188 1.3011838724259814
98 686 0.11107382147483544 0.17645666415341532 0.4810011957526128 0.5171331969404321 0.6418297721729351 0.9460312223658188 1.3011838724259814
99 693 0.11107382147483544 0.17645666415341532 0.4810011957526128 0.5171331969404321 0.6418297721729351 0.9460312223658188 1.3011838724259814
100 700 0.12305229214039475 0.21411715841505943 0.5136510727533611 0.5224308445914636 0.5867329462801225 0.9366235799464747 1.3335969103284908
101 707 0.12305229214039475 0.21411715841505943 0.5136510727533611 0.5224308445914636 0.5867329462801225 0.9366235799464747 1.3335969103284908
102 714 0.12305229214039475 0.21411715841505943 0.5136510727533611 0.5224308445914636 0.5867329462801225 0.9366235799464747 1.3335969103284908
103 721 0.1263838621648071 0.1712040962761601 0.5168760081515597 0.5872797446653398 0.6188179093694132 0.9475076319474109 1.3112183961663593
104 728 0.1263838621648071 0.1712040962761601 0.5168760081515597 0.5872797446653398 0.6188179093694132 0.9475076319474109 1.3112183961663593
105 735 0.1263838621648071 0.1712040962761601 0.5168760081515597 0.5872797446653398 0.6188179093694132 0.9475076319474109 1.3112183961663593
106 742 0.10559434341485799 0.15566158535220254 0.45936442906386155 0.5105314683637366 0.6686542343249042 0.9526669365544205 1.2827030922685851
107 749 0.10559434341485799 0.15566158535220254 0.45936442906386155 0.5105314683637366 0.6686542343249042 0.9526669365544205 1.2827030922685851
108 756 0.10559434341485799 0.15566158535220254 0.45936442906386155 0.5105314683637366 0.6686542343249042 0.9526669365544205 1.2827030922685851
109 763 0.14107938767883285 0.234890981694044 0.5436960827361041 0.5528195224015797 0.5573079755630723 0.9269700242125758 1.3528245986029106
110 770 0.14107938767883285 0.234890981694044 0.5436960827361041 0.5528195224015797 0.5573079755630723 0.9269700242125758 1.3528245986029106
111 777 0.14107938767883285 0.234890981694044 0.5436960827361041 0.5528195224015797 0.5573079755630723 0.9269700242125758 1.3528245986029106
112 784 0.21224212547820837 0.2642128518679931 0.5726689123158084 0.6235168727419622 0.5780806418833565 0.8976696220326091 1.3638225768623862
113 791 0.21224212547820837 0.2642128518679931 0.5726689123158084 0.6235168727419622 0.5780806418833565 0.8976696220326091 1.3638225768623862
114 798 0.21224212547820837 0.2642128518679931 0.5726689123158084 0.6235168727419622 0.5780806418833565 0.8976696220326091 1.3638225768623862
115 805 0.14616329806605832 0.20937730485629225 0.5157079406299192 0.5546041457642277 0.6168765487665406 0.9284990102952199 1.32565188170299
116 812 0.14616329806605832 0.20937730485629225 0.5157079406299192 0.5546041457642277 0.6168765487665406 0.9284990102952199 1.32565188170299
117 819 0.14616329806605832 0.20937730485629225 0.5157079406299192 0.5546041457642277 0.6168765487665406 0.9284990102952199 1.32565188170299
118 826 -0.11552706368261077 0.004148553672894559 0.4776311806221288 0.5157831055830349 0.5580574297257362 1.052771094067335 1.2570779325977255
119 833 -0.11552706368261077 0.004148553672894559 0.4776311806221288 0.5157831055830349 0.5580574297257362 1.052771094067335 1.2570779325977255
120 840 -0.11552706368261077 0.004148553672894559 0.4776311806221288 0.5157831055830349 0.5580574297257362 1.052771094067335 1.2570779325977255
121 847 0.15072100353179682 0.18449438079365682 0.5517559908066191 0.6404031502157466 0.5864583276905063 0.9434996453490229 1.3288623138266518
122 854 0.15072100353179682 0.18449438079365682 0.5517559908066191 0.6404031502157466 0.5864583276905063 0.9434996453490229 1.3288623138266518
123 861 0.15072100353179682 0.18449438079365682 0.5517559908066191 0.6404031502157466 0.5864583276905063 0.9434996453490229 1.3288623138266518
124 868 0.006085491896144933 0.023277577306996033 0.5511624428805 0.7099319793274835 0.5354831077409321 0.9993652551662893 1.3093994532191204
125 875 0.006085491896144933 0.023277577306996033 0.5511624428805 0.7099319793274835 0.5354831077409321 0.9993652551662893 1.3093994532191204
126 882 0.006085491896144933 0.023277577306996033 0.5511624428805 0.7099319793274835 0.5354831077409321 0.9993652551662893 1.3093994532191204
127 889 0.014005516924125397 0.04665534745065775 0.6099446676773796 0.7650579438930879 0.4731149766872198 0.9974415488121183 1.3346432390483733
128 896 0.014005516924125397 0.04665534745065775 0.6099446676773796 0.7650579438930879 0.4731149766872198 0.9974415488121183 1.3346432390483733
129 903 0.014005516924125397 0.04665534745065775 0.6099446676773796 0.7650579438930879 0.4731149766872198 0.9974415488121183 1.3346432390483733
130 910 -0.19658639642812867 -0.13963846924870182 0.5425820335597796 0.7130409406498466 0.5018385099180318 1.0079534741442573 1.316126097273271
131 917 -0.19658639642812867 -0.13963846924870182 0.5425820335597796 0.7130409406498466 0.5018385099180318 1.0079534741442573 1.316126097273271
132 924 -0.19658639642812867 -0.13963846924870182 0.5425820335597796 0.7130409406498466 0.5018385099180318 1.0079534741442573 1.316126097273271
133 931 -0.4254787609869533 -0.2856122438042438 0.47153997965285604 0.5840575369558465 0.4580617713928984 1.061648017472549 1.289605715164525
134 938 -0.4254787609869533 -0.2856122438042438 0.47153997965285604 0.5840575369558465 0.4580617713928984 1.061648017472549 1.289605715164525
135 945 -0.4254787609869533 -0.2856122438042438 0.47153997965285604 0.5840575369558465 0.4580617713928984 1.061648017472549 1.289605715164525
136 952 -0.32702150388240525 -0.18316313351054436 0.5586644604143461 0.6620819546841155 0.37952023595941503 1.0900436612962665 1.2914213901609108
137 959 -0.32702150388240525 -0.18316313351054436 0.5586644604143461 0.6620819546841155 0.37952023595941503 1.0900436612962665 1.2914213901609108
138 966 -0.32702150388240525 -0.18316313351054436 0.5586644604143461 0.6620819546841155 0.37952023595941503 1.0900436612962665 1.2914213901609108
139 973 -0.2152506191518777 -0.07038242318245565 0.5706197690733432 0.6394189705225208 0.39889854767813415 1.0865400804396619 1.2885304040877144
140 980 -0.2152506191518777 -0.07038242318245565 0.5706197690733432 0.6394189705225208 0.39889854767813415 1.0865400804396619 1.2885304040877144
141 987 -0.2152506191518777 -0.07038242318245565 0.5706197690733432 0.6394189705225208 0.39889854767813415 1.0865400804396619 1.2885304040877144
142 994 0.32684242784049766 0.4255347961782202 0.796901640402605 0.8219982201396774 0.2346720984950262 0.8224949892200895 1.5061311360222873
143 1001 0.32684242784049766 0.4255347961782202 0.796901640402605 0.8219982201396774 0.2346720984950262 0.8224949892200895 1.5061311360222873
144 1008 0.32684242784049766 0.4255347961782202 0.796901640402605 0.8219982201396774 0.2346720984950262 0.8224949892200895 1.5061311360222873
145 1015 -0.016118237192950895 0.12552401912275074 0.6796986032325473 0.7227812082867777 0.2892535330291017 1.0077390364972538 1.3786930143979725
146 1022 -0.016118237192950895 0.12552401912275074 0.6796986032325473 0.7227812082867777 0.2892535330291017 1.0077390364972538 1.3786930143979725
147 1029 -0.016118237192950895 0.12552401912275074 0.6796986032325473 0.7227812082867777 0.2892535330291017 1.0077390364972538 1.3786930143979725
148 1036 -0.08041818190660135 0.0847393537781378 0.6479334822187097 0.6705073226808278 0.2693554897850788 1.0390238259960394 1.3593664366664318
149 1043 -0.08041818190660135 0.0847393537781378 0.6479334822187097 0.6705073226808278 0.2693554897850788 1.0390238259960394 1.3593664366664318
150 1050 -0.08041818190660135 0.0847393537781378 0.6479334822187097 0.6705073226808278 0.2693554897850788 1.0390238259960394 1.3593664366664318
151 1057 -0.011527773624691177 0.1401696952200987 0.6555747131106698 0.6756789168960704 0.30622636438181433 1.0057016497762528 1.3765135689105357
152 1064 -0.011527773624691177 0.1401696952200987 0.6555747131106698 0.6756789168960704 0.30622636438181433 1.0057016497762528 1.3765135689105357
153 1071 -0.011527773624691177 0.1401696952200987 0.6555747131106698 0.6756789168960704 0.30622636438181433 1.0057016497762528 1.3765135689105357
154 1078 0.3470137723415038 0.4556216756395637 0.785173601223876 0.7864163397872536 0.22661485619979163 0.8080810010119536 1.515140522444393
155 1085 0.3470137723415038 0.4556216756395637 0.785173601223876 0.7864163397872536 0.22661485619979163 0.8080810010119536 1.515140522444393
156 1092 0.3470137723415038 0.4556216756395637 0.785173601223876 0.7864163397872536 0.22661485619979163 0.8080810010119536 1.515140522444393
157 1099 0.7212297212572734 0.769256448897295 0.9137319819554338 0.9138637653347916 0.13858987830394875 0.5279873079562899 1.643782907889228
158 1106 0.7212297212572734 0.769256448897295 0.9137319819554338 0.9138637653347916 0.13858987830394875 0.5279873079562899 1.643782907889228
159 1113 0.7212297212572734 0.769256448897295 0.9137319819554338 0.9138637653347916 0.13858987830394875 0.5279873079562899 1.643782907889228
160 1120 0.8911805404919768 0.9059276489754355 0.9746259578346146 0.9827782856375489 0.06815810169065056 0.33481078312499557 1.6980153746880955
161 1127 0.8911805404919768 0.9059276489754355 0.9746259578346146 0.9827782856375489 0.06815810169065056 0.33481078312499557 1.6980153746880955
162 1134 0.8911805404919768 0.9059276489754355 0.9746259578346146 0.9827782856375489 0.06815810169065056 0.33481078312499557 1.6980153746880955
163 1141 0.8835653349356065 0.8987923286181969 0.9723178936673369 0.9815994216677932 0.07681571813882772 0.3470312504512771 1.6951898585872436
164 1148 0.8835653349356065 0.8987923286181969 0.9723178936673369 0.9815994216677932 0.07681571813882772 0.3470312504512771 1.6951898585872436
165 1155 0.8835653349356065 0.8987923286181969 0.9723178936673369 0.9815994216677932 0.07681571813882772 0.3470312504512771 1.6951898585872436
166 1162 0.8418694527773345 0.8614523142046411 0.9637755399079735 0.9783004203817777 0.08240247496631968 0.4064031207137764 1.681679617404436
167 1169 0.8418694527773345 0.8614523142046411 0.9637755399079735 0.9783004203817777 0.08240247496631968 0.4064031207137764 1.681679617404436
168 1176 0.8418694527773345 0.8614523142046411 0.9637755399079735 0.9783004203817777 0.08240247496631968 0.4064031207137764 1.681679617404436
169 1183 0.912994106532234 0.9240380222544726 0.978583364523824 0.9857212295580358 0.07427646010478751 0.30041275929460565 1.7041816750356469
170 1190 0.912994106532234 0.9240380222544726 0.978583364523824 0.9857212295580358 0.07427646010478751 0.30041275929460565 1.7041816750356469
171 1197 0.912994106532234 0.9240380222544726 0.978583364523824 0.9857212295580358 0.07427646010478751 0.30041275929460565 1.7041816750356469
172 1204 0.8912320329560017 0.9060508884538467 0.9741549549270199 0.9820374549202324 0.07165994640422106 0.3344393950258483 1.6979443875274858
173 1211 0.8912320329560017 0.9060508884538467 0.9741549549270199 0.9820374549202324 0.07165994640422106 0.3344393950258483 1.6979443875274858
174 1218 0.8912320329560017 0.9060508884538467 0.9741549549270199 0.9820374549202324 0.07165994640422106 0.3344393950258483 1.6979443875274858
175 1225 0.747814894195691 0.7778841004947283 0.9409880086319702 0.9652867717120136 0.10988161083654514 0.5138957364481969 1.6504051634857217
176 1232 0.747814894195691 0.7778841004947283 0.9409880086319702 0.9652867717120136 0.10988161083654514 0.5138957364481969 1.6504051634857217
177 1239 0.747814894195691 0.7778841004947283 0.9409880086319702 0.9652867717120136 0.10988161083654514 0.5138957364481969 1.6504051634857217
178 1246 0.5755509570346717 0.6158087176776069 0.8951081142809189 0.9479501525057543 0.16531245168942305 0.6748244003486056 1.5865950403334106
179 1253 0.5755509570346717 0.6158087176776069 0.8951081142809189 0.9479501525057543 0.16531245168942305 0.6748244003486056 1.5865950403334106
180 1260 0.5755509570346717 0.6158087176776069 0.8951081142809189 0.9479501525057543 0.16531245168942305 0.6748244003486056 1.5865950403334106
181 1267 0.5534942532717835 0.6015387896457774 0.9019129240834796 0.9539930991887197 0.11223386891904245 0.6879530952421358 1.5855989711822558
182 1274 0.5534942532717835 0.6015387896457774 0.9019129240834796 0.9539930991887197 0.11223386891904245 0.6879530952421358 1.5855989711822558
183 1281 0.5534942532717835 0.6015387896457774 0.9019129240834796 0.9539930991887197 0.11223386891904245 0.6879530952421358 1.5855989711822558
184 1288 0.7205705431198666 0.7576194628814276 0.93575707278032 0.9580873563183898 0.0989901657311677 0.5368712322355941 1.64376708419604
185 1295 0.7205705431198666 0.7576194628814276 0.93575707278032 0.9580873563183898 0.0989901657311677 0.5368712322355941 1.64376708419604
186 1302 0.7205705431198666 0.7576194628814276 0.93575707278032 0.9580873563183898 0.0989901657311677 0.5368712322355941 1.64376708419604
187 1309 0.7897134757078728 0.8202747277484521 0.953740842144188 0.9676682949021871 0.059336125500189504 0.46356934544378897 1.6678077485655964
188 1316 0.7897134757078728 0.8202747277484521 0.953740842144188 0.9676682949021871 0.059336125500189504 0.46356934544378897 1.6678077485655964
189 1323 0.7897134757078728 0.8202747277484521 0.953740842144188 0.9676682949021871 0.059336125500189504 0.46356934544378897 1.6678077485655964
190 1330 0.7645836922177733 0.7947416032518055 0.9510864090783048 0.9730434333197723 0.056351018305680275 0.4954898968428413 1.6587086316959299
191 1337 0.7645836922177733 0.7947416032518055 0.9510864090783048 0.9730434333197723 0.056351018305680275 0.4954898968428413 1.6587086316959299
192 1344 0.7645836922177733 0.7947416032518055 0.9510864090783048 0.9730434333197723 0.056351018305680275 0.4954898968428413 1.6587086316959299
193 1351 0.7917338160036376 0.8187454950663344 0.9572100592709735 0.9763532349431562 0.047628382482853206 0.46586102856433664 1.6675446138700594
194 1358 0.7917338160036376 0.8187454950663344 0.9572100592709735 0.9763532349431562 0.047628382482853206 0.46586102856433664 1.6675446138700594
195 1365 0.7917338160036376 0.8187454950663344 0.9572100592709735 0.9763532349431562 0.047628382482853206 0.46586102856433664 1.6675446138700594
196 1372 0.7503373177736029 0.787189092759098 0.9465041299975039 0.9627573674248107 0.04135162042018791 0.5047687855099084 1.656350964217269
197 1379 0.7503373177736029 0.787189092759098 0.9465041299975039 0.9627573674248107 0.04135162042018791 0.5047687855099084 1.656350964217269
198 1386 0.7503373177736029 0.787189092759098 0.9465041299975039 0.9627573674248107 0.04135162042018791 0.5047687855099084 1.656350964217269
199 1393 0.8151120475193723 0.8453197308389548 0.9575701630241222 0.9647792904329285 0.040545546999676364 0.43162007968347205 1.6769198446653708
200 1400 0.8151120475193723 0.8453197308389548 0.9575701630241222 0.9647792904329285 0.040545546999676364 0.43162007968347205 1.6769198446653708
201 1407 0.8151120475193723 0.8453197308389548 0.9575701630241222 0.9647792904329285 0.040545546999676364 0.43162007968347205 1.6769198446653708
202 1414 0.858481240500069 0.8819198675857756 0.9653127373637846 0.9696717335374144 0.057913654691256734 0.3771141079248635 1.6895061284897241
203 1421 0.858481240500069 0.8819198675857756 0.9653127373637846 0.9696717335374144 0.057913654691256734 0.3771141079248635 1.6895061284897241
204 1428 0.858481240500069 0.8819198675857756 0.9653127373637846 0.9696717335374144 0.057913654691256734 0.3771141079248635 1.6895061284897241
205 1435 0.7545633639492944 0.791296972627533 0.9443446111141782 0.958626881931488 0.06788720935816424 0.49952608737557747 1.6570651812275847
206 1442 0.7545633639492944 0.791296972627533 0.9443446111141782 0.958626881931488 0.06788720935816424 0.49952608737557747 1.6570651812275847
207 1449 0.7545633639492944 0.791296972627533 0.9443446111141782 0.958626881931488 0.06788720935816424 0.49952608737557747 1.6570651812275847
208 1456 0.7790551480893846 0.8123536434962866 0.9511990572832101 0.9641823664719492 0.05225216720422961 0.4740448307520922 1.6650979579170953
209 1463 0.7790551480893846 0.8123536434962866 0.9511990572832101 0.9641823664719492 0.05225216720422961 0.4740448307520922 1.6650979579170953
210 1470 0.7790551480893846 0.8123536434962866 0.9511990572832101 0.9641823664719492 0.05225216720422961 0.4740448307520922 1.6650979579170953
211 1477 0.7581963204631821 0.7930951852241455 0.9476108666311531 0.964217229005859 0.05534317026887505 0.49738464338310046 1.6581753978488696
212 1484 0.7581963204631821 0.7930951852241455 0.9476108666311531 0.964217229005859 0.05534317026887505 0.49738464338310046 1.6581753978488696
213 1491 0.7581963204631821 0.7930951852241455 0.9476108666311531 0.964217229005859 0.05534317026887505 0.49738464338310046 1.6581753978488696
214 1498 0.6681697026306692 0.7173700567296301 0.9274986160288715 0.9483411150296579 0.04954642424110807 0.5812808198908052 1.6308457193346015
215 1505 0.6681697026306692 0.7173700567296301 0.9274986160288715 0.9483411150296579 0.04954642424110807 0.5812808198908052 1.6308457193346015
216 1512 0.6681697026306692 0.7173700567296301 0.9274986160288715 0.9483411150296579 0.04954642424110807 0.5812808198908052 1.6308457193346015
217 1519 0.7121988615289332 0.7558215668971388 0.9377282679736656 0.9547411296309689 0.032965528751205696 0.5408858039997256 1.6451005504058782
218 1526 0.7121988615289332 0.7558215668971388 0.9377282679736656 0.9547411296309689 0.032965528751205696 0.5408858039997256 1.6451005504058782
219 1533 0.7121988615289332 0.7558215668971388 0.9377282679736656 0.9547411296309689 0.032965528751205696 0.5408858039997256 1.6451005504058782
220 1540 0.8017437214298341 0.8292529099194321 0.9598633754593655 0.9758910088164119 0.022148749515813207 0.45240846716117805 1.6717763043349305
221 1547 0.8017437214298341 0.8292529099194321 0.9598633754593655 0.9758910088164119 0.022148749515813207 0.45240846716117805 1.6717763043349305
222 1554 0.8017437214298341 0.8292529099194321 0.9598633754593655 0.9758910088164119 0.022148749515813207 0.45240846716117805 1.6717763043349305
223 1561 0.8811502793610801 0.8980393843570993 0.9760470218155111 0.9851604626389627 0.015504028261629974 0.3498979698906351 1.6962697414544876
224 1568 0.8811502793610801 0.8980393843570993 0.9760470218155111 0.9851604626389627 0.015504028261629974 0.3498979698906351 1.6962697414544876
225 1575 0.8811502793610801 0.8980393843570993 0.9760470218155111 0.9851604626389627 0.015504028261629974 0.3498979698906351 1.6962697414544876
226 1582 0.8617020551119643 0.8802174995238914 0.9725297339610619 0.984785034361525 0.020707819055138375 0.3792427154529874 1.689895307113971
227 1589 0.8617020551119643 0.8802174995238914 0.9725297339610619 0.984785034361525 0.020707819055138375 0.3792427154529874 1.689895307113971
228 1596 0.8617020551119643 0.8802174995238914 0.9725297339610619 0.984785034361525 0.020707819055138375 0.3792427154529874 1.689895307113971
229 1603 0.8927343406738892 0.9064217226615512 0.9790612448060917 0.98958703686661 0.01791686951154287 0.33554268164225665 1.6991439299197784
230 1610 0.8927343406738892 0.9064217226615512 0.9790612448060917 0.98958703686661 0.01791686951154287 0.33554268164225665 1.6991439299197784
231 1617 0.8927343406738892 0.9064217226615512 0.9790612448060917 0.98958703686661 0.01791686951154287 0.33554268164225665 1.6991439299197784
232 1624 0.9320584331807327 0.9417141207410629 0.9862744000784307 0.9914721389638897 0.017163181556206452 0.2646181473515911 1.7116315787257141
233 1631 0.9320584331807327 0.9417141207410629 0.9862744000784307 0.9914721389638897 0.017163181556206452 0.2646181473515911 1.7116315787257141
234 1638 0.9320584331807327 0.9417141207410629 0.9862744000784307 0.9914721389638897 0.017163181556206452 0.2646181473515911 1.7116315787257141
235 1645 0.9467928233978229 0.9547845194935938 0.9889930450515126 0.9924041908083813 0.014623658090066455 0.23314639721021752 1.716225190961827
236 1652 0.9467928233978229 0.9547845194935938 0.9889930450515126 0.9924041908083813 0.014623658090066455 0.23314639721021752 1.716225190961827
237 1659 0.9467928233978229 0.9547845194935938 0.9889930450515126 0.9924041908083813 0.014623658090066455 0.23314639721021752 1.716225190961827
238 1666 0.8847994277493076 0.9010114807990579 0.976806643519039 0.9858596447092824 0.01814007306627782 0.3447501937972238 1.697297334477942
239 1673 0.8847994277493076 0.9010114807990579 0.976806643519039 0.9858596447092824 0.01814007306627782 0.3447501937972238 1.697297334477942
240 1680 0.8847994277493076 0.9010114807990579 0.976806643519039 0.9858596447092824 0.01814007306627782 0.3447501937972238 1.697297334477942
241 1687 0.9027562580754344 0.916257998958319 0.9806438180910096 0.9886040169190218 0.014267687715651284 0.3171905508106087 1.7026997937286867
242 1694 0.9027562580754344 0.916257998958319 0.9806438180910096 0.9886040169190218 0.014267687715651284 0.3171905508106087 1.7026997937286867
243 1701 0.9027562580754344 0.916257998958319 0.9806438180910096 0.9886040169190218 0.014267687715651284 0.3171905508106087 1.7026997937286867
244 1708 0.9473708597282688 0.9549082439361178 0.989451389279348 0.9934283868525755 0.011034134017192165 0.2328248039839368 1.7162956792278923
245 1715 0.9473708597282688 0.9549082439361178 0.989451389279348 0.9934283868525755 0.011034134017192165 0.2328248039839368 1.7162956792278923
246 1722 0.9473708597282688 0.9549082439361178 0.989451389279348 0.9934283868525755 0.011034134017192165 0.2328248039839368 1.7162956792278923
247 1729 0.9547306958889108 0.9610751861457305 0.9910710990256804 0.9947252463955106 0.006614449121160648 0.2163800225704779 1.7184690671918486
248 1736 0.9547306958889108 0.9610751861457305 0.9910710990256804 0.9947252463955106 0.006614449121160648 0.2163800225704779 1.7184690671918486
249 1743 0.9547306958889108 0.9610751861457305 0.9910710990256804 0.9947252463955106 0.006614449121160648 0.2163800225704779 1.7184690671918486
250 1750 0.9709355632984074 0.975322629110785 0.9940583227156886 0.9959164881049455 0.006795358422713481 0.1723162949381592 1.7234444921733605
251 1757 0.9709355632984074 0.975322629110785 0.9940583227156886 0.9959164881049455 0.006795358422713481 0.1723162949381592 1.7234444921733605
252 1764 0.9709355632984074 0.975322629110785 0.9940583227156886 0.9959164881049455 0.006795358422713481 0.1723162949381592 1.7234444921733605
253 1771 0.9816272147366065 0.9844582722734915 0.9961903740293082 0.9972700170776955 0.006561665094130928 0.13678407957287225 1.7266288136500545
254 1778 0.9816272147366065 0.9844582722734915 0.9961903740293082 0.9972700170776955 0.006561665094130928 0.13678407957287225 1.7266288136500545
255 1785 0.9816272147366065 0.9844582722734915 0.9961903740293082 0.9972700170776955 0.006561665094130928 0.13678407957287225 1.7266288136500545
256 1792 0.9887626856804095 0.990534980725216 0.9976505909934358 0.9982501660380358 0.0032605189435460555 0.1068057071380338 1.7287515466193992
257 1799 0.9887626856804095 0.990534980725216 0.9976505909934358 0.9982501660380358 0.0032605189435460555 0.1068057071380338 1.7287515466193992
258 1806 0.9887626856804095 0.990534980725216 0.9976505909934358 0.9982501660380358 0.0032605189435460555 0.1068057071380338 1.7287515466193992
259 1813 0.9899876514060493 0.9915534756846555 0.9979209831287393 0.9984776613314945 0.002798703824356231 0.10088113534101877 1.7291081989827042
260 1820 0.9899876514060493 0.9915534756846555 0.9979209831287393 0.9984776613314945 0.002798703824356231 0.10088113534101877 1.7291081989827042
261 1827 0.9899876514060493 0.9915534756846555 0.9979209831287393 0.9984776613314945 0.002798703824356231 0.10088113534101877 1.7291081989827042
262 1834 0.9825974016772405 0.9853078979155677 0.996387609414946 0.9973703503430782 0.004277199951158834 0.1330307565928992 1.7269292178201454
263 1841 0.9825974016772405 0.9853078979155677 0.996387609414946 0.9973703503430782 0.004277199951158834 0.1330307565928992 1.7269292178201454
264 1848 0.9825974016772405 0.9853078979155677 0.996387609414946 0.9973703503430782 0.004277199951158834 0.1330307565928992 1.7269292178201454
265 1855 0.9673806813461223 0.9727567266740773 0.9929136969486521 0.9942566417122221 0.005340066338169699 0.18141445547046878 1.7225156832487352
266 1862 0.9673806813461223 0.9727567266740773 0.9929136969486521 0.9942566417122221 0.005340066338169699 0.18141445547046878 1.7225156832487352
267 1869 0.9673806813461223 0.9727567266740773 0.9929136969486521 0.9942566417122221 0.005340066338169699 0.18141445547046878 1.7225156832487352
268 1876 0.9764285040281501 0.9803680901477827 0.9948177385162753 0.9956947018528066 0.0050380745143516125 0.15409190341821846 1.7251754412540596
269 1883 0.9764285040281501 0.9803680901477827 0.9948177385162753 0.9956947018528066 0.0050380745143516125 0.15409190341821846 1.7251754412540596
270 1890 0.9764285040281501 0.9803680901477827 0.9948177385162753 0.9956947018528066 0.0050380745143516125 0.15409190341821846 1.7251754412540596
271 1897 0.9754204370807578 0.9795450077416027 0.9945834026071216 0.9954716302347829 0.0042054590732687495 0.15731960443941342 1.724886331377523
272 1904 0.9754204370807578 0.9795450077416027 0.9945834026071216 0.9954716302347829 0.0042054590732687495 0.15731960443941342 1.724886331377523
273 1911 0.9754204370807578 0.9795450077416027 0.9945834026071216 0.9954716302347829 0.0042054590732687495 0.15731960443941342 1.724886331377523
274 1918 0.9806599354969077 0.9840094612535051 0.995603786923974 0.9961190363908663 0.0036579435500194647 0.13933000312809615 1.7264338300894448
275 1925 0.9806599354969077 0.9840094612535051 0.995603786923974 0.9961190363908663 0.0036579435500194647 0.13933000312809615 1.7264338300894448
276 1932 0.9806599354969077 0.9840094612535051 0.995603786923974 0.9961190363908663 0.0036579435500194647 0.13933000312809615 1.7264338300894448
277 1939 0.9849345360882571 0.9875758951674478 0.9965368172483722 0.9968824321961564 0.00222431719657461 0.12291277534315637 1.7276826971612735
278 1946 0.9849345360882571 0.9875758951674478 0.9965368172483722 0.9968824321961564 0.00222431719657461 0.12291277534315637 1.7276826971612735
279 1953 0.9849345360882571 0.9875758951674478 0.9965368172483722 0.9968824321961564 0.00222431719657461 0.12291277534315637 1.7276826971612735
280 1960 0.9856936002914684 0.988181784420388 0.9967415534036983 0.9971066256025489 0.002116979496172639 0.11981595031485988 1.7279003606828602
281 1967 0.9856936002914684 0.988181784420388 0.9967415534036983 0.9971066256025489 0.002116979496172639 0.11981595031485988 1.7279003606828602
282 1974 0.9856936002914684 0.988181784420388 0.9967415534036983 0.9971066256025489 0.002116979496172639 0.11981595031485988 1.7279003606828602
283 1981 0.9761116566933992 0.9802403065940931 0.9945906578795536 0.9952454584073465 0.0019127354105039796 0.1548654662065242 1.7251124684552845
284 1988 0.9761116566933992 0.9802403065940931 0.9945906578795536 0.9952454584073465 0.0019127354105039796 0.1548654662065242 1.7251124684552845
285 1995 0.9761116566933992 0.9802403065940931 0.9945906578795536 0.9952454584073465 0.0019127354105039796 0.1548654662065242 1.7251124684552845
286 2002 0.9666514425605457 0.9724021589491728 0.9924537779962154 0.9933869346232691 0.0021940569103674774 0.18299251939429168 1.7223556322548497
287 2009 0.9666514425605457 0.9724021589491728 0.9924537779962154 0.9933869346232691 0.0021940569103674774 0.18299251939429168 1.7223556322548497
288 2016 0.9666514425605457 0.9724021589491728 0.9924537779962154 0.9933869346232691 0.0021940569103674774 0.18299251939429168 1.7223556322548497
289 2023 0.9567195454744312 0.9634874168733675 0.9909922318435062 0.9933926321012827 0.0016262291692021248 0.20971443481968366 1.7193071893082252
290 2030 0.9567195454744312 0.9634874168733675 0.9909922318435062 0.9933926321012827 0.0016262291692021248 0.20971443481968366 1.7193071893082252
291 2037 0.9567195454744312 0.9634874168733675 0.9909922318435062 0.9933926321012827 0.0016262291692021248 0.20971443481968366 1.7193071893082252
292 2044 0.9505920879203877 0.9576000991173197 0.9902418393053309 0.9941144081710696 0.0015061052849924567 0.22583205813792057 1.717264572849525
293 2051 0.9505920879203877 0.9576000991173197 0.9902418393053309 0.9941144081710696 0.0015061052849924567 0.22583205813792057 1.717264572849525
294 2058 0.9505920879203877 0.9576000991173197 0.9902418393053309 0.9941144081710696 0.0015061052849924567 0.22583205813792057 1.717264572849525
295 2065 0.9617161608829321 0.9671049220701843 0.9924749303098525 0.9955428385358231 0.001322813930588414 0.19894345596827664 1.720587036883256
296 2072 0.9617161608829321 0.9671049220701843 0.9924749303098525 0.9955428385358231 0.001322813930588414 0.19894345596827664 1.720587036883256
297 2079 0.9617161608829321 0.9671049220701843 0.9924749303098525 0.9955428385358231 0.001322813930588414 0.19894345596827664 1.720587036883256
298 2086 0.9775222551614549 0.980721236189821 0.9955722741863183 0.9973236391567846 0.0010609257267096153 0.152316120809878 1.7253401617588437
299 2093 0.9775222551614549 0.980721236189821 0.9955722741863183 0.9973236391567846 0.0010609257267096153 0.152316120809878 1.7253401617588437
300 2100 0.9775222551614549 0.980721236189821 0.9955722741863183 0.9973236391567846 0.0010609257267096153 0.152316120809878 1.7253401617588437
301 2107 0.9808044561689401 0.9835327978546188 0.9962232448526249 0.9977250521662817 0.0005885069243875238 0.14077740195119826 1.7263201837317057
302 2114 0.9808044561689401 0.9835327978546188 0.9962232448526249 0.9977250521662817 0.0005885069243875238 0.14077740195119826 1.7263201837317057
303 2121 0.9808044561689401 0.9835327978546188 0.9962232448526249 0.9977250521662817 0.0005885069243875238 0.14077740195119826 1.7263201837317057
304 2128 0.9882290778411378 0.9898926066843521 0.9976919211341242 0.9986281637741674 0.0005234546670549434 0.11030218931614655 1.7285349730414123
305 2135 0.9882290778411378 0.9898926066843521 0.9976919211341242 0.9986281637741674 0.0005234546670549434 0.11030218931614655 1.7285349730414123
306 2142 0.9882290778411378 0.9898926066843521 0.9976919211341242 0.9986281637741674 0.0005234546670549434 0.11030218931614655 1.7285349730414123
307 2149 0.9904212879379863 0.9917860046643838 0.9981161789351674 0.998861520299031 0.0004444374349830808 0.09943375756173718 1.7291942430891099
308 2156 0.9904212879379863 0.9917860046643838 0.9981161789351674 0.998861520299031 0.0004444374349830808 0.09943375756173718 1.7291942430891099
309 2163 0.9904212879379863 0.9917860046643838 0.9981161789351674 0.998861520299031 0.0004444374349830808 0.09943375756173718 1.7291942430891099
310 2170 0.9932857741282022 0.9942514522388766 0.9986747796932791 0.9991835440674057 0.00027779813162306336 0.08318284846018184 1.7300521774068691
311 2177 0.9932857741282022 0.9942514522388766 0.9986747796932791 0.9991835440674057 0.00027779813162306336 0.08318284846018184 1.7300521774068691
312 2184 0.9932857741282022 0.9942514522388766 0.9986747796932791 0.9991835440674057 0.00027779813162306336 0.08318284846018184 1.7300521774068691
313 2191 0.9864776350637194 0.9884528089717419 0.997309159960784 0.9982861030491087 0.00025950700501442217 0.11788609842898738 1.7280343747892593
314 2198 0.9864776350637194 0.9884528089717419 0.997309159960784 0.9982861030491087 0.00025950700501442217 0.11788609842898738 1.7280343747892593
315 2205 0.9864776350637194 0.9884528089717419 0.997309159960784 0.9982861030491087 0.00025950700501442217 0.11788609842898738 1.7280343747892593
316 2212 0.9848308463644604 0.987042664966031 0.9969832591187981 0.9980849719014833 0.0002527735332275205 0.12487508520925329 1.727543385620032
317 2219 0.9848308463644604 0.987042664966031 0.9969832591187981 0.9980849719014833 0.0002527735332275205 0.12487508520925329 1.727543385620032
318 2226 0.9848308463644604 0.987042664966031 0.9969832591187981 0.9980849719014833 0.0002527735332275205 0.12487508520925329 1.727543385620032
319 2233 0.9901259966909912 0.9915702113355918 0.9980349803844086 0.9987456887560804 0.0002191995371408407 0.10072712220241006 1.7291194287279246
320 2240 0.9901259966909912 0.9915702113355918 0.9980349803844086 0.9987456887560804 0.0002191995371408407 0.10072712220241006 1.7291194287279246
321 2247 0.9901259966909912 0.9915702113355918 0.9980349803844086 0.9987456887560804 0.0002191995371408407 0.10072712220241006 1.7291194287279246
322 2254 0.9864984292865737 0.9885181174583179 0.9972801258410972 0.9981811071302795 0.00021507345517666752 0.11756194418167938 1.7280564640727551
323 2261 0.9864984292865737 0.9885181174583179 0.9972801258410972 0.9981811071302795 0.00021507345517666752 0.11756194418167938 1.7280564640727551
324 2268 0.9864984292865737 0.9885181174583179 0.9972801258410972 0.9981811071302795 0.00021507345517666752 0.11756194418167938 1.7280564640727551
325 2275 0.9858422196346301 0.9879752597209402 0.9971362303329162 0.9980568471172646 0.0001673160619329546 0.12031444743909431 1.7278670104330252
326 2282 0.9858422196346301 0.9879752597209402 0.9971362303329162 0.9980568471172646 0.0001673160619329546 0.12031444743909431 1.7278670104330252
327 2289 0.9858422196346301 0.9879752597209402 0.9971362303329162 0.9980568471172646 0.0001673160619329546 0.12031444743909431 1.7278670104330252
328 2296 0.9817402766823985 0.984490159669692 0.9963049483989823 0.9974933283214522 0.00020654003998952716 0.13663722422189647 1.726652896878277
329 2303 0.9817402766823985 0.984490159669692 0.9963049483989823 0.9974933283214522 0.00020654003998952716 0.13663722422189647 1.726652896878277
330 2310 0.9817402766823985 0.984490159669692 0.9963049483989823 0.9974933283214522 0.00020654003998952716 0.13663722422189647 1.726652896878277
331 2317 0.9827848558167767 0.9854320048039139 0.9964730977195586 0.9975063130376363 0.00017766939936244048 0.1324537219060259 1.7269788591603623
332 2324 0.9827848558167767 0.9854320048039139 0.9964730977195586 0.9975063130376363 0.00017766939936244048 0.1324537219060259 1.7269788591603623
333 2331 0.9827848558167767 0.9854320048039139 0.9964730977195586 0.9975063130376363 0.00017766939936244048 0.1324537219060259 1.7269788591603623
334 2338 0.9837749529815843 0.9862115638958794 0.996722979189201 0.99779017337268 0.00015501745592151552 0.12883095999781258 1.7272528939664944
335 2345 0.9837749529815843 0.9862115638958794 0.996722979189201 0.99779017337268 0.00015501745592151552 0.12883095999781258 1.7272528939664944
336 2352 0.9837749529815843 0.9862115638958794 0.996722979189201 0.99779017337268 0.00015501745592151552 0.12883095999781258 1.7272528939664944
337 2359 0.9801365028304255 0.9832778710589346 0.9958504799112655 0.9968999813002001 0.00020151629069567811 0.14197634246417784 1.7262220823438912
338 2366 0.9801365028304255 0.9832778710589346 0.9958504799112655 0.9968999813002001 0.00020151629069567811 0.14197634246417784 1.7262220823438912
339 2373 0.9801365028304255 0.9832778710589346 0.9958504799112655 0.9968999813002001 0.00020151629069567811 0.14197634246417784 1.7262220823438912
340 2380 0.9672999941186701 0.972553070345984 0.9930724999550808 0.9946592335974658 0.00023986065537515087 0.1819508860479279 1.7224673632708511
341 2387 0.9672999941186701 0.972553070345984 0.9930724999550808 0.9946592335974658 0.00023986065537515087 0.1819508860479279 1.7224673632708511
342 2394 0.9672999941186701 0.972553070345984 0.9930724999550808 0.9946592335974658 0.00023986065537515087 0.1819508860479279 1.7224673632708511
343 2401 0.9669759698966861 0.9722998590772536 0.9929839753153376 0.9945547915474646 0.00020819506721621143 0.18280615423683202 1.7223768073879633
344 2408 0.9669759698966861 0.9722998590772536 0.9929839753153376 0.9945547915474646 0.00020819506721621143 0.18280615423683202 1.7223768073879633
345 2415 0.9669759698966861 0.9722998590772536 0.9929839753153376 0.9945547915474646 0.00020819506721621143 0.18280615423683202 1.7223768073879633
346 2422 0.9469343468714333 0.9553885594199678 0.9887897531866068 0.9914692718936184 0.00024892588884802393 0.23189264540401722 1.7164573222318775
347 2429 0.9469343468714333 0.9553885594199678 0.9887897531866068 0.9914692718936184 0.00024892588884802393 0.23189264540401722 1.7164573222318775
348 2436 0.9469343468714333 0.9553885594199678 0.9887897531866068 0.9914692718936184 0.00024892588884802393 0.23189264540401722 1.7164573222318775
349 2443 0.9375050196683243 0.9476616074037321 0.9865655385102858 0.9893769278103959 0.00028159597379645975 0.25130656890315656 1.7137225356310837
350 2450 0.9375050196683243 0.9476616074037321 0.9865655385102858 0.9893769278103959 0.00028159597379645975 0.25130656890315656 1.7137225356310837
351 2457 0.9375050196683243 0.9476616074037321 0.9865655385102858 0.9893769278103959 0.00028159597379645975 0.25130656890315656 1.7137225356310837
352 2464 0.9676967416165425 0.9732142071050359 0.9927690516931721 0.9937698677340574 0.0002411180108706659 0.18018551416841505 1.7226529314827084
353 2471 0.9676967416165425 0.9732142071050359 0.9927690516931721 0.9937698677340574 0.0002411180108706659 0.18018551416841505 1.7226529314827084
354 2478 0.9676967416165425 0.9732142071050359 0.9927690516931721 0.9937698677340574 0.0002411180108706659 0.18018551416841505 1.7226529314827084
355 2485 0.9727442738117196 0.9774641600175563 0.9938153855905739 0.9945459079090764 0.00024168480924786383 0.16540613527693684 1.7241347835947167
356 2492 0.9727442738117196 0.9774641600175563 0.9938153855905739 0.9945459079090764 0.00024168480924786383 0.16540613527693684 1.7241347835947167
357 2499 0.9727442738117196 0.9774641600175563 0.9938153855905739 0.9945459079090764 0.00024168480924786383 0.16540613527693684 1.7241347835947167
358 2506 0.9712447275026723 0.9762341523470852 0.993459233301021 0.9942115021079201 0.00021473861696354722 0.16987999136681814 1.723699725132117
359 2513 0.9712447275026723 0.9762341523470852 0.993459233301021 0.9942115021079201 0.00021473861696354722 0.16987999136681814 1.723699725132117
360 2520 0.9712447275026723 0.9762341523470852 0.993459233301021 0.9942115021079201 0.00021473861696354722 0.16987999136681814 1.723699725132117
361 2527 0.9880211409125167 0.9900237108846539 0.9973839307214531 0.9978347673615825 0.00017821066401680195 0.10985896505729696 1.7285632693186268
362 2534 0.9880211409125167 0.9900237108846539 0.9973839307214531 0.9978347673615825 0.00017821066401680195 0.10985896505729696 1.7285632693186268
363 2541 0.9880211409125167 0.9900237108846539 0.9973839307214531 0.9978347673615825 0.00017821066401680195 0.10985896505729696 1.7285632693186268
364 2548 0.9886368588673388 0.990511940242156 0.9975477232822418 0.9980179029207863 0.0001753962487561374 0.10708178422649796 1.7287375337867306
365 2555 0.9886368588673388 0.990511940242156 0.9975477232822418 0.9980179029207863 0.0001753962487561374 0.10708178422649796 1.7287375337867306
366 2562 0.9886368588673388 0.990511940242156 0.9975477232822418 0.9980179029207863 0.0001753962487561374 0.10708178422649796 1.7287375337867306
367 2569 0.9854010503875473 0.9878907807086212 0.9967477022554669 0.9972102791166747 0.00022164654330127464 0.12114759030351811 1.7278087892577874
368 2576 0.9854010503875473 0.9878907807086212 0.9967477022554669 0.9972102791166747 0.00022164654330127464 0.12114759030351811 1.7278087892577874
369 2583 0.9854010503875473 0.9878907807086212 0.9967477022554669 0.9972102791166747 0.00022164654330127464 0.12114759030351811 1.7278087892577874
370 2590 0.9845584125871454 0.9872125576225845 0.9965314695143603 0.9969836284428463 0.00027156253561753187 0.12454652092742438 1.727567101556019
371 2597 0.9845584125871454 0.9872125576225845 0.9965314695143603 0.9969836284428463 0.00027156253561753187 0.12454652092742438 1.727567101556019
372 2604 0.9845584125871454 0.9872125576225845 0.9965314695143603 0.9969836284428463 0.00027156253561753187 0.12454652092742438 1.727567101556019
373 2611 0.9855199112970234 0.9880148596865629 0.9967396744171446 0.9971529976044656 0.00019473909275512875 0.12059314314838952 1.727847578897594
374 2618 0.9855199112970234 0.9880148596865629 0.9967396744171446 0.9971529976044656 0.00019473909275512875 0.12059314314838952 1.727847578897594
375 2625 0.9855199112970234 0.9880148596865629 0.9967396744171446 0.9971529976044656 0.00019473909275512875 0.12059314314838952 1.727847578897594
376 2632 0.9891242172054806 0.9909964919869136 0.9975551147920161 0.9978690476122839 0.00014973591609298298 0.10451763780948158 1.7288944562829394
377 2639 0.9891242172054806 0.9909964919869136 0.9975551147920161 0.9978690476122839 0.00014973591609298298 0.10451763780948158 1.7288944562829394
378 2646 0.9891242172054806 0.9909964919869136 0.9975551147920161 0.9978690476122839 0.00014973591609298298 0.10451763780948158 1.7288944562829394
379 2653 0.9932524003772515 0.9944256948960101 0.9984678088749017 0.9986418856824404 0.0001118392683799 0.08228910719213177 1.730094936796678
380 2660 0.9932524003772515 0.9944256948960101 0.9984678088749017 0.9986418856824404 0.0001118392683799 0.08228910719213177 1.730094936796678
381 2667 0.9932524003772515 0.9944256948960101 0.9984678088749017 0.9986418856824404 0.0001118392683799 0.08228910719213177 1.730094936796678
382 2674 0.9949360628972764 0.99582012310427 0.9988453586597529 0.9989697103045869 9.825099209657041e-05 0.07127549090364221 1.7305836572506939
383 2681 0.9949360628972764 0.99582012310427 0.9988453586597529 0.9989697103045869 9.825099209657041e-05 0.07127549090364221 1.7305836572506939
384 2688 0.9949360628972764 0.99582012310427 0.9988453586597529 0.9989697103045869 9.825099209657041e-05 0.07127549090364221 1.7305836572506939
385 2695 0.9964586290410302 0.9970765869578818 0.999193174325477 0.9992807455311571 0.00010084882005543225 0.05960626241878836 1.7310248650178246
386 2702 0.9964586290410302 0.9970765869578818 0.999193174325477 0.9992807455311571 0.00010084882005543225 0.05960626241878836 1.7310248650178246
387 2709 0.9964586290410302 0.9970765869578818 0.999193174325477 0.9992807455311571 0.00010084882005543225 0.05960626241878836 1.7310248650178246
388 2716 0.9971534169631302 0.9976518355847223 0.9993490527464737 0.9994163731787987 7.85965292895148e-05 0.05343281949417663 1.7312264229798158
389 2723 0.9971534169631302 0.9976518355847223 0.9993490527464737 0.9994163731787987 7.85965292895148e-05 0.05343281949417663 1.7312264229798158
390 2730 0.9971534169631302 0.9976518355847223 0.9993490527464737 0.9994163731787987 7.85965292895148e-05 0.05343281949417663 1.7312264229798158
391 2737 0.9974590114067148 0.9979042759776959 0.9994184449800898 0.9994779034099066 5.971224091600053e-05 0.050481706099089196 1.731314989764651
392 2744 0.9974590114067148 0.9979042759776959 0.9994184449800898 0.9994779034099066 5.971224091600053e-05 0.050481706099089196 1.731314989764651
393 2751 0.9974590114067148 0.9979042759776959 0.9994184449800898 0.9994779034099066 5.971224091600053e-05 0.050481706099089196 1.731314989764651
394 2758 0.9965735281080779 0.9971781823770522 0.9992092820807481 0.9992816610463391 4.228145792323903e-05 0.0586056028782795 1.731059034673154
395 2765 0.9965735281080779 0.9971781823770522 0.9992092820807481 0.9992816610463391 4.228145792323903e-05 0.0586056028782795 1.731059034673154
396 2772 0.9965735281080779 0.9971781823770522 0.9992092820807481 0.9992816610463391 4.228145792323903e-05 0.0586056028782795 1.731059034673154
397 2779 0.9973936661449652 0.9978522071779978 0.999400747134443 0.999458386086892 2.6162905927355408e-05 0.051118746696241835 1.7312962984572302
398 2786 0.9973936661449652 0.9978522071779978 0.999400747134443 0.999458386086892 2.6162905927355408e-05 0.051118746696241835 1.7312962984572302
399 2793 0.9973936661449652 0.9978522071779978 0.999400747134443 0.999458386086892 2.6162905927355408e-05 0.051118746696241835 1.7312962984572302
400 2800 0.9982437004267515 0.998552307601061 0.9995968315216763 0.9996363989875721 2.659097163617188e-05 0.041964878016663515 1.7315423611064116
401 2807 0.9982437004267515 0.998552307601061 0.9995968315216763 0.9996363989875721 2.659097163617188e-05 0.041964878016663515 1.7315423611064116
402 2814 0.9982437004267515 0.998552307601061 0.9995968315216763 0.9996363989875721 2.659097163617188e-05 0.041964878016663515 1.7315423611064116
403 2821 0.998647287495811 0.9988865023227074 0.9996871766998878 0.9997148533320515 2.0033746534560393e-05 0.036820255755292304 1.7316593973310002
404 2828 0.998647287495811 0.9988865023227074 0.9996871766998878 0.9997148533320515 2.0033746534560393e-05 0.036820255755292304 1.7316593973310002
405 2835 0.998647287495811 0.9988865023227074 0.9996871766998878 0.9997148533320515 2.0033746534560393e-05 0.036820255755292304 1.7316593973310002
406 2842 0.9971460976553512 0.9976467581967721 0.9993459546011132 0.9994116928611393 2.99819087489087e-05 0.053497389341599824 1.7312244304060407
407 2849 0.9971460976553512 0.9976467581967721 0.9993459546011132 0.9994116928611393 2.99819087489087e-05 0.053497389341599824 1.7312244304060407
408 2856 0.9971460976553512 0.9976467581967721 0.9993459546011132 0.9994116928611393 2.99819087489087e-05 0.053497389341599824 1.7312244304060407
409 2863 0.9979379416719972 0.9982993591900362 0.9995279868223581 0.9995761118484265 2.152514096953828e-05 0.04547575613900115 1.731453711521118
410 2870 0.9979379416719972 0.9982993591900362 0.9995279868223581 0.9995761118484265 2.152514096953828e-05 0.04547575613900115 1.731453711521118
411 2877 0.9979379416719972 0.9982993591900362 0.9995279868223581 0.9995761118484265 2.152514096953828e-05 0.04547575613900115 1.731453711521118
412 2884 0.996182243551217 0.9968598438925722 0.9991128728225672 0.9991862821245436 2.964913525005287e-05 0.061848808327282005 1.7309461932796824
413 2891 0.996182243551217 0.9968598438925722 0.9991128728225672 0.9991862821245436 2.964913525005287e-05 0.061848808327282005 1.7309461932796824
414 2898 0.996182243551217 0.9968598438925722 0.9991128728225672 0.9991862821245436 2.964913525005287e-05 0.061848808327282005 1.7309461932796824
415 2905 0.9985451085707762 0.998799823310713 0.9996674290818736 0.9997019162656569 1.9270932262572502e-05 0.03820012161288952 1.7316295072380212
416 2912 0.9985451085707762 0.998799823310713 0.9996674290818736 0.9997019162656569 1.9270932262572502e-05 0.03820012161288952 1.7316295072380212
417 2919 0.9985451085707762 0.998799823310713 0.9996674290818736 0.9997019162656569 1.9270932262572502e-05 0.03820012161288952 1.7316295072380212
418 2926 0.9992515461291416 0.9993833960492211 0.9998277124638608 0.9998439680153277 1.490983828369821e-05 0.027392267983855363 1.7318341905137447
419 2933 0.9992515461291416 0.9993833960492211 0.9998277124638608 0.9998439680153277 1.490983828369821e-05 0.027392267983855363 1.7318341905137447
420 2940 -0.06795547213285873 -0.06664353842206426 0.04642670952715003 0.08280485846609366 0.9574771540663951 0.9698307996253618 1.0689554338413498
421 2947 -0.06795547213285873 -0.06664353842206426 0.04642670952715003 0.08280485846609366 0.9574771540663951 0.9698307996253618 1.0689554338413498
422 2954 -0.06795547213285873 -0.06664353842206426 0.04642670952715003 0.08280485846609366 0.9574771540663951 0.9698307996253618 1.0689554338413498
423 2961 -0.3061668243660879 -0.2310952035621002 0.11463581618816551 0.15480786863426638 0.8119496238003491 0.9976295317955167 1.1599453115125424
424 2968 -0.3061668243660879 -0.2310952035621002 0.11463581618816551 0.15480786863426638 0.8119496238003491 0.9976295317955167 1.1599453115125424
425 2975 -0.3061668243660879 -0.2310952035621002 0.11463581618816551 0.15480786863426638 0.8119496238003491 0.9976295317955167 1.1599453115125424
426 2982 -0.5145175807902915 -0.3558327242442709 0.15269183619638102 0.16351516646391104 0.6452956215589438 1.0330116614050429 1.2314546147536454
427 2989 -0.5145175807902915 -0.3558327242442709 0.15269183619638102 0.16351516646391104 0.6452956215589438 1.0330116614050429 1.2314546147536454
428 2996 -0.5145175807902915 -0.3558327242442709 0.15269183619638102 0.16351516646391104 0.6452956215589438 1.0330116614050429 1.2314546147536454
429 3003 -0.6622956307202381 -0.49996481007278665 0.29410766613122874 0.39646767088511575 0.4835037818826236 0.9942670130443578 1.3332881157788254
430 3010 -0.6622956307202381 -0.49996481007278665 0.29410766613122874 0.39646767088511575 0.4835037818826236 0.9942670130443578 1.3332881157788254
431 3017 -0.6622956307202381 -0.49996481007278665 0.29410766613122874 0.39646767088511575 0.4835037818826236 0.9942670130443578 1.3332881157788254
432 3024 -0.8174290007924343 -0.6530209469835646 0.1912089307540651 0.308210836191072 0.41010027718278036 0.9468404357714775 1.3911545391661868
433 3031 -0.8174290007924343 -0.6530209469835646 0.1912089307540651 0.308210836191072 0.41010027718278036 0.9468404357714775 1.3911545391661868
434 3038 -0.8174290007924343 -0.6530209469835646 0.1912089307540651 0.308210836191072 0.41010027718278036 0.9468404357714775 1.3911545391661868
435 3045 -0.7071462706568206 -0.5623800051898081 0.08059834320537312 0.15015819387008766 0.5408284633089425 0.9743174627514192 1.3259751336478847
436 3052 -0.7071462706568206 -0.5623800051898081 0.08059834320537312 0.15015819387008766 0.5408284633089425 0.9743174627514192 1.3259751336478847
437 3059 -0.7071462706568206 -0.5623800051898081 0.08059834320537312 0.15015819387008766 0.5408284633089425 0.9743174627514192 1.3259751336478847
438 3066 -0.6423741707340859 -0.5068320796837792 0.18763553839194716 0.2835826533668826 0.5746533345780055 0.9626264964103721 1.3202741281518284
439 3073 -0.6423741707340859 -0.5068320796837792 0.18763553839194716 0.2835826533668826 0.5746533345780055 0.9626264964103721 1.3202741281518284
440 3080 -0.6423741707340859 -0.5068320796837792 0.18763553839194716 0.2835826533668826 0.5746533345780055 0.9626264964103721 1.3202741281518284
441 3087 -0.7358898232657699 -0.6865240962304335 0.2114832531556666 0.46145330924903033 0.506754076452201 0.7601324676768257 1.4715294552208649
442 3094 -0.7358898232657699 -0.6865240962304335 0.2114832531556666 0.46145330924903033 0.506754076452201 0.7601324676768257 1.4715294552208649
443 3101 -0.7358898232657699 -0.6865240962304335 0.2114832531556666 0.46145330924903033 0.506754076452201 0.7601324676768257 1.4715294552208649
444 3108 -0.6765978435301492 -0.593801469959919 0.16034719019560398 0.3289337033438814 0.5684499495817298 0.8682720067668442 1.386711353197055
445 3115 -0.6765978435301492 -0.593801469959919 0.16034719019560398 0.3289337033438814 0.5684499495817298 0.8682720067668442 1.386711353197055
446 3122 -0.6765978435301492 -0.593801469959919 0.16034719019560398 0.3289337033438814 0.5684499495817298 0.8682720067668442 1.386711353197055
447 3129 -0.6717366941181759 -0.5194182237167742 -0.046072397389116 -0.040608925681298404 0.5660782252210728 1.0037237394294554 1.293094775272219
448 3136 -0.6717366941181759 -0.5194182237167742 -0.046072397389116 -0.040608925681298404 0.5660782252210728 1.0037237394294554 1.293094775272219
449 3143 -0.6717366941181759 -0.5194182237167742 -0.046072397389116 -0.040608925681298404 0.5660782252210728 1.0037237394294554 1.293094775272219
450 3150 -0.35359185814593674 -0.31877823938885735 -0.10755397660638757 -0.07195950776931033 0.7431167411361936 1.0311966813387197 1.1766099240781263
451 3157 -0.35359185814593674 -0.31877823938885735 -0.10755397660638757 -0.07195950776931033 0.7431167411361936 1.0311966813387197 1.1766099240781263
452 3164 -0.35359185814593674 -0.31877823938885735 -0.10755397660638757 -0.07195950776931033 0.7431167411361936 1.0311966813387197 1.1766099240781263
453 3171 -0.4724231458395861 -0.44586335170302893 0.02385995898387075 0.15387460174294684 0.6858996302223728 0.9228671597187647 1.295321544163237
454 3178 -0.4724231458395861 -0.44586335170302893 0.02385995898387075 0.15387460174294684 0.6858996302223728 0.9228671597187647 1.295321544163237
455 3185 -0.4724231458395861 -0.44586335170302893 0.02385995898387075 0.15387460174294684 0.6858996302223728 0.9228671597187647 1.295321544163237
456 3192 -0.44336636927575995 -0.4425645659059543 0.07383853439586195 0.24517109779332835 0.6970754576173771 0.8688142718415273 1.3263663021322583
457 3199 -0.44336636927575995 -0.4425645659059543 0.07383853439586195 0.24517109779332835 0.6970754576173771 0.8688142718415273 1.3263663021322583
458 3206 -0.44336636927575995 -0.4425645659059543 0.07383853439586195 0.24517109779332835 0.6970754576173771 0.8688142718415273 1.3263663021322583
459 3213 -0.4647588597225608 -0.3862527645796236 0.22342607592577096 0.34814626095129864 0.696431135372101 0.9253200341447647 1.287931096019759
460 3220 -0.4647588597225608 -0.3862527645796236 0.22342607592577096 0.34814626095129864 0.696431135372101 0.9253200341447647 1.287931096019759
461 3227 -0.4647588597225608 -0.3862527645796236 0.22342607592577096 0.34814626095129864 0.696431135372101 0.9253200341447647 1.287931096019759
462 3234 -0.3034002511059082 -0.2199600542044608 0.33896463954327527 0.4418326738910732 0.6704968656848754 1.0140628229879556 1.2337384423533444
463 3241 -0.3034002511059082 -0.2199600542044608 0.33896463954327527 0.4418326738910732 0.6704968656848754 1.0140628229879556 1.2337384423533444
464 3248 -0.3034002511059082 -0.2199600542044608 0.33896463954327527 0.4418326738910732 0.6704968656848754 1.0140628229879556 1.2337384423533444
465 3255 -0.17768396741786108 -0.06752185676514491 0.36032930698488147 0.3927842509155074 0.6590937389643512 1.07703590889032 1.1855754274692074
466 3262 -0.17768396741786108 -0.06752185676514491 0.36032930698488147 0.3927842509155074 0.6590937389643512 1.07703590889032 1.1855754274692074
467 3269 -0.17768396741786108 -0.06752185676514491 0.36032930698488147 0.3927842509155074 0.6590937389643512 1.07703590889032 1.1855754274692074
468 3276 -0.3726309100157707 -0.22695480977163385 0.24274625504681746 0.2536371764088311 0.6605283041596588 1.0894965656811613 1.173328424940315
469 3283 -0.3726309100157707 -0.22695480977163385 0.24274625504681746 0.2536371764088311 0.6605283041596588 1.0894965656811613 1.173328424940315
470 3290 -0.3726309100157707 -0.22695480977163385 0.24274625504681746 0.2536371764088311 0.6605283041596588 1.0894965656811613 1.173328424940315
471 3297 -0.19936217340288032 -0.12449124520330175 0.2621767894705715 0.316195206162284 0.7591305178094022 1.043552019975832 1.1553008433022065
472 3304 -0.19936217340288032 -0.12449124520330175 0.2621767894705715 0.316195206162284 0.7591305178094022 1.043552019975832 1.1553008433022065
473 3311 -0.19936217340288032 -0.12449124520330175 0.2621767894705715 0.316195206162284 0.7591305178094022 1.043552019975832 1.1553008433022065
474 3318 -0.3517310186565191 -0.2525156884006357 0.06804825033386676 0.07568756632281749 0.7928331044582843 1.0091196478448519 1.163225345669755
475 3325 -0.3517310186565191 -0.2525156884006357 0.06804825033386676 0.07568756632281749 0.7928331044582843 1.0091196478448519 1.163225345669755
476 3332 -0.3517310186565191 -0.2525156884006357 0.06804825033386676 0.07568756632281749 0.7928331044582843 1.0091196478448519 1.163225345669755
477 3339 -0.25939302404877485 -0.14470364018525908 0.31470971272151865 0.35315811316026213 0.6734692487756604 1.0885196089222369 1.1668608451504954
478 3346 -0.25939302404877485 -0.14470364018525908 0.31470971272151865 0.35315811316026213 0.6734692487756604 1.0885196089222369 1.1668608451504954
479 3353 -0.25939302404877485 -0.14470364018525908 0.31470971272151865 0.35315811316026213 0.6734692487756604 1.0885196089222369 1.1668608451504954
480 3360 -0.18917094496076756 -0.08865098027896065 0.4563292886461743 0.537469413606079 0.5831031374060482 1.059203801430019 1.2401927423523411
481 3367 -0.18917094496076756 -0.08865098027896065 0.4563292886461743 0.537469413606079 0.5831031374060482 1.059203801430019 1.2401927423523411
482 3374 -0.18917094496076756 -0.08865098027896065 0.4563292886461743 0.537469413606079 0.5831031374060482 1.059203801430019 1.2401927423523411
483 3381 -0.23639100751652614 -0.09582587356353625 0.4727436374464158 0.5217016738300765 0.5127548410424808 1.097682277639831 1.237811007522123
484 3388 -0.23639100751652614 -0.09582587356353625 0.4727436374464158 0.5217016738300765 0.5127548410424808 1.097682277639831 1.237811007522123
485 3395 -0.23639100751652614 -0.09582587356353625 0.4727436374464158 0.5217016738300765 0.5127548410424808 1.097682277639831 1.237811007522123
486 3402 -0.2584944017523479 -0.11703154525096948 0.49245403344706395 0.5541530365116967 0.4858396842215853 1.0985973118354908 1.2478155904072141
487 3409 -0.2584944017523479 -0.11703154525096948 0.49245403344706395 0.5541530365116967 0.4858396842215853 1.0985973118354908 1.2478155904072141
488 3416 -0.2584944017523479 -0.11703154525096948 0.49245403344706395 0.5541530365116967 0.4858396842215853 1.0985973118354908 1.2478155904072141
489 3423 -0.5893841471790665 -0.42764572310699717 0.43166691437479787 0.5563660361299936 0.40030401327403164 1.028335080292331 1.3350219697056935
490 3430 -0.5893841471790665 -0.42764572310699717 0.43166691437479787 0.5563660361299936 0.40030401327403164 1.028335080292331 1.3350219697056935
491 3437 -0.5893841471790665 -0.42764572310699717 0.43166691437479787 0.5563660361299936 0.40030401327403164 1.028335080292331 1.3350219697056935
492 3444 -0.4946236603233966 -0.2812044527138198 0.4453050621131259 0.4740556927791977 0.33513326279857375 1.1654774747607124 1.2366680848115128
493 3451 -0.4946236603233966 -0.2812044527138198 0.4453050621131259 0.4740556927791977 0.33513326279857375 1.1654774747607124 1.2366680848115128
494 3458 -0.4946236603233966 -0.2812044527138198 0.4453050621131259 0.4740556927791977 0.33513326279857375 1.1654774747607124 1.2366680848115128
495 3465 -0.5741894938695598 -0.3477560263064835 0.3675897542128763 0.3796048801562534 0.3655963651849463 1.1353071671134396 1.25595260024589
496 3472 -0.5741894938695598 -0.3477560263064835 0.3675897542128763 0.3796048801562534 0.3655963651849463 1.1353071671134396 1.25595260024589
497 3479 -0.5741894938695598 -0.3477560263064835 0.3675897542128763 0.3796048801562534 0.3655963651849463 1.1353071671134396 1.25595260024589
498 3486 -0.7998284976753598 -0.6382796686412253 0.40060783610395995 0.5853548419848873 0.279436651782115 0.9240650921952186 1.438060799489035
499 3493 -0.7998284976753598 -0.6382796686412253 0.40060783610395995 0.5853548419848873 0.279436651782115 0.9240650921952186 1.438060799489035
500 3500 -0.7998284976753598 -0.6382796686412253 0.40060783610395995 0.5853548419848873 0.279436651782115 0.9240650921952186 1.438060799489035
501 3507 -0.9155820563830527 -0.7288614561045836 0.2784182544733884 0.4274575577209101 0.21323238634382563 0.9339090636077004 1.4430335444214408
502 3514 -0.9155820563830527 -0.7288614561045836 0.2784182544733884 0.4274575577209101 0.21323238634382563 0.9339090636077004 1.4430335444214408
503 3521 -0.9155820563830527 -0.7288614561045836 0.2784182544733884 0.4274575577209101 0.21323238634382563 0.9339090636077004 1.4430335444214408
504 3528 -0.8866211438225233 -0.7196039227084752 0.32693726685460767 0.5087671089282538 0.2457486575806648 0.9020164261621182 1.4580720024165545
505 3535 -0.8866211438225233 -0.7196039227084752 0.32693726685460767 0.5087671089282538 0.2457486575806648 0.9020164261621182 1.4580720024165545
505 3535 -0.8866211438225233 -0.7196039227084752 0.32693726685460767 0.5087671089282538 0.2457486575806648 0.9020164261621182 1.4580720024165545
