% # columns="iteration, evaluation, sigma, max axis length,  min axis length, all principal axes lengths  (sorted square roots of eigenvalues of C)", seed=860942, Mon Jul 25 17:22:06 2022
1 7 0.17042484753486503 1.0000333338888951 1.0 1.0 1.0000166668055563 1.0000333338888951
2 14 0.20784732652235258 1.0225526370599027 0.825599800340372 0.825599800340372 0.9926213063722131 1.0225526370599027
3 21 0.20012761474271926 1.3132669419434344 0.7303756099419956 0.7303756099419956 0.944590222190325 1.3132669419434344
4 28 0.1696842522831046 1.3148808812750152 0.6406699771288098 0.6406699771288098 0.993451863190033 1.3148808812750152
5 35 0.15843403046032106 1.2819520863917844 0.5807582022825574 0.5807582022825574 0.9685685750036619 1.2819520863917844
6 42 0.1618152708087299 1.207178317689014 0.587325048946778 0.587325048946778 1.1028744814419842 1.207178317689014
7 49 0.15056596947666734 1.1706821448045164 0.5678737673409843 0.5678737673409843 1.1648897671278464 1.1706821448045164
8 56 0.1281882571087568 1.3587795354739105 0.4648577806751248 0.4648577806751248 1.1355432232621374 1.3587795354739105
9 63 0.11299205168640929 1.348411339272651 0.3966485257289503 0.3966485257289503 1.0505212521041478 1.348411339272651
10 70 0.11511998856588054 1.4161948525974803 0.3896133739437663 0.3896133739437663 0.9008484693141916 1.4161948525974803
11 77 0.1267878382235897 1.3376204398559552 0.4097976233008769 0.4097976233008769 0.8539203268193561 1.3376204398559552
12 84 0.11119721526271249 1.2411133451306025 0.4249017263801786 0.4249017263801786 0.8516994652203855 1.2411133451306025
13 91 0.12361285198092972 1.2425958092536584 0.42294862422050794 0.42294862422050794 0.7285587040824325 1.2425958092536584
14 98 0.11195899127246345 1.2985289420479016 0.4232003701402336 0.4232003701402336 0.7242936982872585 1.2985289420479016
15 105 0.11550277970105348 1.0877792768998948 0.43600369386603854 0.43600369386603854 0.7565588461429685 1.0877792768998948
16 112 0.10714130764819281 1.1231879555320663 0.3987164964321348 0.3987164964321348 0.7485559305241855 1.1231879555320663
17 119 0.10617556594057984 1.192186911746397 0.39130297830766714 0.39130297830766714 0.7111069231808718 1.192186911746397
18 126 0.09896111262706443 1.2166289217663686 0.4032999015151416 0.4032999015151416 0.6535106764628227 1.2166289217663686
19 133 0.09172146652219726 1.1619186361189233 0.40873321139161484 0.40873321139161484 0.6083569006582183 1.1619186361189233
20 140 0.07710899631222114 1.1484220602752668 0.38278688542093126 0.38278688542093126 0.6053322729724966 1.1484220602752668
21 147 0.0771973559141483 0.9784939001452957 0.3751234393051438 0.3751234393051438 0.5893154970716845 0.9784939001452957
22 154 0.07657875676277578 1.0655559113266269 0.33208966596393874 0.33208966596393874 0.567583180698748 1.0655559113266269
23 161 0.10611650517288117 0.9291137318564111 0.3410067835936258 0.3410067835936258 0.5922687973799627 0.9291137318564111
24 168 0.09555092789270825 0.928370905975663 0.33748578297227283 0.33748578297227283 0.5920051724505865 0.928370905975663
25 175 0.08101159151725625 1.0469772169417622 0.3112726746800035 0.3112726746800035 0.5835314599534874 1.0469772169417622
26 182 0.08771433670137986 0.9158847987830749 0.2847455254460524 0.2847455254460524 0.6154936933359954 0.9158847987830749
27 189 0.08691028779180997 0.8493807554261235 0.26956092571429674 0.26956092571429674 0.7073807155078544 0.8493807554261235
28 196 0.07534709415122416 0.7733628335667266 0.2791673951261118 0.2791673951261118 0.6746464277605851 0.7733628335667266
29 203 0.07265860566334159 0.7475286718971156 0.24532306340416593 0.24532306340416593 0.6455920639119059 0.7475286718971156
30 210 0.06828479959138103 0.7501951658512416 0.24709506860090494 0.24709506860090494 0.5913349808995869 0.7501951658512416
31 217 0.07283386554648352 0.7104881437065534 0.24873037810127124 0.24873037810127124 0.571125848628808 0.7104881437065534
32 224 0.06565760965758562 0.70748072313194 0.24582965109406496 0.24582965109406496 0.5719052129744745 0.70748072313194
33 231 0.0815673656851713 0.6644121184879561 0.22543736709320816 0.22543736709320816 0.5655981497218413 0.6644121184879561
34 238 0.07956278274039828 0.8743320429860872 0.20158536390086013 0.20158536390086013 0.5632317423934542 0.8743320429860872
35 245 0.09677018112831487 0.9095889217021028 0.1864638690481736 0.1864638690481736 0.4850067447825513 0.9095889217021028
36 252 0.12987191362865894 1.0234326862903596 0.19245785857477402 0.19245785857477402 0.4999945682436703 1.0234326862903596
37 259 0.13539262591296755 1.3141900414183432 0.17660952455569298 0.17660952455569298 0.5058382494195282 1.3141900414183432
38 266 0.15033802849937739 1.3293459386026447 0.17508262564123322 0.17508262564123322 0.5398969100108473 1.3293459386026447
39 273 0.15341389968196925 1.2155041735341214 0.1903519617414356 0.1903519617414356 0.5701746077813948 1.2155041735341214
40 280 0.15458254757821063 1.2261066739355824 0.20973478153490532 0.20973478153490532 0.4481184981401228 1.2261066739355824
41 287 0.12354430015223472 1.1344525059279098 0.21525338710226669 0.21525338710226669 0.40623008698907176 1.1344525059279098
42 294 0.11360767684833398 1.1449408091349957 0.19410019430462555 0.19410019430462555 0.3673296458275995 1.1449408091349957
43 301 0.11072899265785581 1.1902790821744598 0.18114054987965436 0.18114054987965436 0.33899736677774117 1.1902790821744598
44 308 0.12744067507791626 1.1691022024378406 0.1712865939283805 0.1712865939283805 0.3386190012392848 1.1691022024378406
45 315 0.15425873263594095 1.0520758812893876 0.1693587736062674 0.1693587736062674 0.42520641615664373 1.0520758812893876
46 322 0.15075239003881838 0.9621616215339269 0.1729590983468319 0.1729590983468319 0.46546397712338744 0.9621616215339269
47 329 0.13675168047171038 0.9499782787016118 0.1551095757915084 0.1551095757915084 0.48678563815793024 0.9499782787016118
48 336 0.11941328176904246 0.9307029831755337 0.13557005391016766 0.13557005391016766 0.4827168533881439 0.9307029831755337
49 343 0.09342868916395101 0.9368330394553556 0.1335016836969883 0.1335016836969883 0.43450166535991747 0.9368330394553556
50 350 0.08618959446003084 0.8916779185658308 0.12040242853345078 0.12040242853345078 0.41661816582598515 0.8916779185658308
51 357 0.09939916594315477 0.8966599278856578 0.12724385872398078 0.12724385872398078 0.3775862465118793 0.8966599278856578
52 364 0.10137347477136217 0.9108588507119134 0.1344089845300416 0.1344089845300416 0.40471015787719516 0.9108588507119134
53 371 0.093001567082906 0.954849803250472 0.12582138305832197 0.12582138305832197 0.3774097407891234 0.954849803250472
54 378 0.08970522626954697 0.9674905604415143 0.12327198463240721 0.12327198463240721 0.3539262971653323 0.9674905604415143
55 385 0.0883942464058257 0.9734214269693734 0.11960773002588174 0.11960773002588174 0.344967310292362 0.9734214269693734
56 392 0.08016987754253527 0.86235643623077 0.11237581321216501 0.11237581321216501 0.36991624634439446 0.86235643623077
57 399 0.07216147516106763 0.8568201911181242 0.10338679209195976 0.10338679209195976 0.3526761336663804 0.8568201911181242
58 406 0.08226630795645831 0.7843573450727925 0.09376368433654708 0.09376368433654708 0.3528140340986746 0.7843573450727925
59 413 0.0668147949352641 0.8027311182138758 0.10249158547771899 0.10249158547771899 0.3167496729093642 0.8027311182138758
60 420 0.06651956246895645 0.7444737118015864 0.09388602975314798 0.09388602975314798 0.32752227119558186 0.7444737118015864
61 427 0.0776489434747809 0.757390528320824 0.09560275069523115 0.09560275069523115 0.2945300247092035 0.757390528320824
62 434 0.10505023134282904 0.7559381169497461 0.09459869931283664 0.09459869931283664 0.3247510260927273 0.7559381169497461
63 441 0.09411521234246481 0.6830602692604426 0.09564400476088146 0.09564400476088146 0.3609376732919034 0.6830602692604426
64 448 0.09503773087712414 0.6873814000339057 0.08769984810636305 0.08769984810636305 0.33566461785883284 0.6873814000339057
65 455 0.11088046394582513 0.7104251224046142 0.09382424711449378 0.09382424711449378 0.32464234421447535 0.7104251224046142
66 462 0.10584585187342481 0.6978557139726328 0.11555533300841088 0.11555533300841088 0.30035085541860784 0.6978557139726328
67 469 0.11764229446758324 0.7297711144126894 0.11447314526437899 0.11447314526437899 0.2840620047042269 0.7297711144126894
68 476 0.09547451013765679 0.8688221824661646 0.10863371418590316 0.10863371418590316 0.2755570550205699 0.8688221824661646
69 483 0.08704486858018558 0.7618084356793768 0.10820906508730055 0.10820906508730055 0.2699521313794543 0.7618084356793768
70 490 0.08928029522847811 0.7865253006445276 0.09491034887625192 0.09491034887625192 0.2687282566232439 0.7865253006445276
71 497 0.08715997247993237 0.8721027560063676 0.0911479743622021 0.0911479743622021 0.2687838062671267 0.8721027560063676
72 504 0.07922252871456034 0.8912105941022745 0.08865160267390487 0.08865160267390487 0.25682092882940233 0.8912105941022745
73 511 0.06379070741917517 0.8586744117223594 0.08942442408366143 0.08942442408366143 0.22673018710002987 0.8586744117223594
74 518 0.07026734903406437 0.844889806513279 0.06955152257387551 0.06955152257387551 0.22682730573479923 0.844889806513279
75 525 0.06592534020185464 0.8205215327386607 0.06562612900092349 0.06562612900092349 0.2450450468064796 0.8205215327386607
76 532 0.05295260977475277 0.856212860287832 0.061176033236110455 0.061176033236110455 0.22548643283818187 0.856212860287832
77 539 0.0649869604489399 0.7569783227362189 0.05876340833332459 0.05876340833332459 0.21560137744396507 0.7569783227362189
78 546 0.07077177754036663 0.7945975518113177 0.047456252622154776 0.047456252622154776 0.2822529800043001 0.7945975518113177
79 553 0.07526528525490338 0.7874173375293858 0.044785702232936056 0.044785702232936056 0.2722968931512438 0.7874173375293858
80 560 0.07958569876623858 0.7846199063159163 0.04935159192997101 0.04935159192997101 0.2337316891309983 0.7846199063159163
81 567 0.07815404541879571 0.8000974911465716 0.04760638000574971 0.04760638000574971 0.22397126392337968 0.8000974911465716
82 574 0.09071314303498001 0.8096785006852565 0.0435614880874996 0.0435614880874996 0.2173950022283158 0.8096785006852565
83 581 0.07457743765411329 1.054789149459255 0.04175148358005536 0.04175148358005536 0.20183690511424793 1.054789149459255
84 588 0.06970781560755869 0.8780397570895475 0.04104712976862496 0.04104712976862496 0.19206729270617717 0.8780397570895475
85 595 0.06370615114282886 0.7931484502405798 0.04133383497778428 0.04133383497778428 0.1834374571114192 0.7931484502405798
86 602 0.06705314223170783 0.7365545319255298 0.0392085790735105 0.0392085790735105 0.1847799102047237 0.7365545319255298
87 609 0.064484388173404 0.7029707424467485 0.037679360656645636 0.037679360656645636 0.21106686243912606 0.7029707424467485
88 616 0.05498604877705794 0.7429486146024009 0.03695434693064163 0.03695434693064163 0.19512317503895024 0.7429486146024009
89 623 0.06145421813989309 0.6639843230776983 0.036621178527023075 0.036621178527023075 0.17477195894956832 0.6639843230776983
90 630 0.0562982934865495 0.7863026823668935 0.03351763695895746 0.03351763695895746 0.1669110911396451 0.7863026823668935
91 637 0.0534670901905001 0.6701674297288974 0.03225865741211953 0.03225865741211953 0.16904977515897301 0.6701674297288974
92 644 0.05663227398643869 0.7031706601478208 0.029927415945927436 0.029927415945927436 0.1578901970176924 0.7031706601478208
93 651 0.0597410641281507 0.6156600737982332 0.030596125444376083 0.030596125444376083 0.18456240963198695 0.6156600737982332
94 658 0.06793813887675808 0.5784196218461963 0.03019198569103222 0.03019198569103222 0.19352555740579996 0.5784196218461963
95 665 0.07664774608821863 0.5943393286574368 0.029428461757144905 0.029428461757144905 0.20184995218724078 0.5943393286574368
96 672 0.08743705703767582 0.5390135519825343 0.03351242714133338 0.03351242714133338 0.1912467210298981 0.5390135519825343
97 679 0.0938312792591293 0.5418882138740393 0.03310783008054031 0.03310783008054031 0.209935124297799 0.5418882138740393
98 686 0.0767388900431172 0.5300761189787442 0.03286440659578294 0.03286440659578294 0.20895622411948728 0.5300761189787442
99 693 0.06785457438500854 0.509602548929843 0.030034609584429574 0.030034609584429574 0.1959105942203097 0.509602548929843
100 700 0.075604181229925 0.5016361840455097 0.027303213961138943 0.027303213961138943 0.18844218534145055 0.5016361840455097
101 707 0.07037313088654028 0.4915664257752635 0.029900083409317817 0.029900083409317817 0.18115863218785133 0.4915664257752635
102 714 0.059569968538494014 0.45883458603271077 0.02732244015796874 0.02732244015796874 0.19634624204618892 0.45883458603271077
103 721 0.05841624482639416 0.39181091609726393 0.027813323579150763 0.027813323579150763 0.17739475605395671 0.39181091609726393
104 728 0.05158423249303969 0.3804172121224107 0.028182001998358353 0.028182001998358353 0.17499785486345473 0.3804172121224107
105 735 0.04336130745892476 0.3529348124767012 0.02693177985615669 0.02693177985615669 0.17343975247967092 0.3529348124767012
106 742 0.03554880004730979 0.2991400881159024 0.027386504647121855 0.027386504647121855 0.16736062967204238 0.2991400881159024
107 749 0.03993325334665684 0.2926751548928215 0.028152363941623928 0.028152363941623928 0.1328205691359077 0.2926751548928215
108 756 0.03625371098695246 0.36271709338460284 0.023790838483264236 0.023790838483264236 0.12628560357357071 0.36271709338460284
109 763 0.02973717161912009 0.33711312428144996 0.02445365762812086 0.02445365762812086 0.10525970924440065 0.33711312428144996
110 770 0.027845368371743406 0.31749527865232796 0.022535291113470097 0.022535291113470097 0.09665583109469861 0.31749527865232796
111 777 0.024339460441371124 0.2649398027096815 0.02338375627501176 0.02338375627501176 0.09606927059593916 0.2649398027096815
112 784 0.022131738488599166 0.24924627089759546 0.021091357593171833 0.021091357593171833 0.09684196484124415 0.24924627089759546
113 791 0.020634467436548697 0.2462330946061447 0.02094212543651966 0.02094212543651966 0.08979829851938678 0.2462330946061447
114 798 0.01833701138483508 0.23130024880892272 0.01954686084110401 0.01954686084110401 0.0885528657370731 0.23130024880892272
115 805 0.016139618761752777 0.23712144096917773 0.018261956981746524 0.018261956981746524 0.0827901445171547 0.23712144096917773
116 812 0.013206518213463001 0.2382745340964405 0.017837110564746676 0.017837110564746676 0.07391361188082556 0.2382745340964405
117 819 0.013670039814991146 0.22043088051100582 0.01792258861952849 0.01792258861952849 0.06955808850080547 0.22043088051100582
118 826 0.013167717739469495 0.1994236292568035 0.016984932193745816 0.016984932193745816 0.08018133823353539 0.1994236292568035
119 833 0.013674270569580938 0.22384158112638242 0.016896866035927553 0.016896866035927553 0.06297534911643969 0.22384158112638242
120 840 0.018156170310631943 0.21498311073063212 0.016948587690440914 0.016948587690440914 0.06492279267607447 0.21498311073063212
121 847 0.0285755289490168 0.2730556791839111 0.01719839218826181 0.01719839218826181 0.058782610919371245 0.2730556791839111
122 854 0.033423311174352335 0.30057530143904443 0.017475550437341527 0.017475550437341527 0.053617899746044764 0.30057530143904443
123 861 0.03241081382137376 0.2582801967775849 0.016515725932760784 0.016515725932760784 0.06066221325570359 0.2582801967775849
124 868 0.028841491636636008 0.2684459361031559 0.015482207662008812 0.015482207662008812 0.05698912194004602 0.2684459361031559
125 875 0.03989502266642631 0.2710065786904303 0.015544631474369247 0.015544631474369247 0.04677513259564147 0.2710065786904303
126 882 0.03349849217436887 0.28400625894866544 0.015868457818879623 0.015868457818879623 0.043677631534792524 0.28400625894866544
127 889 0.03375374569414872 0.2986936528256383 0.01465509712997408 0.01465509712997408 0.03690430056653139 0.2986936528256383
128 896 0.042902451052794804 0.31104590152779854 0.014194626141059421 0.014194626141059421 0.03430843755808372 0.31104590152779854
129 903 0.04966132857883349 0.41597948290507136 0.012504762269377016 0.012504762269377016 0.034868844001865726 0.41597948290507136
130 910 0.04871284573523036 0.4220187775728125 0.011415694380503397 0.011415694380503397 0.03735178607971741 0.4220187775728125
131 917 0.04342190211354504 0.43124246426001694 0.011488069362179689 0.011488069362179689 0.03197078019491612 0.43124246426001694
132 924 0.04995043086270414 0.4166605324412227 0.010620375043649504 0.010620375043649504 0.03129994895310407 0.4166605324412227
133 931 0.04567490314456195 0.40641567017115987 0.011063639147434337 0.011063639147434337 0.03548733180340949 0.40641567017115987
134 938 0.05712051045795867 0.3568275522127937 0.010450929265783638 0.010450929265783638 0.03557094689025602 0.3568275522127937
135 945 0.05661719669284526 0.4062089836201992 0.009520316317500449 0.009520316317500449 0.038908809688113194 0.4062089836201992
136 952 0.049747987259563 0.4145714253279046 0.009164138443178146 0.009164138443178146 0.037049303423691365 0.4145714253279046
137 959 0.04679645077150319 0.415427066032658 0.008010960031830732 0.008010960031830732 0.035189266010267506 0.415427066032658
138 966 0.0482810433302312 0.3578077340194874 0.007340731696939849 0.007340731696939849 0.037727106324339184 0.3578077340194874
139 973 0.041997868537347355 0.40343650305728684 0.006584312292835796 0.006584312292835796 0.03488840314652188 0.40343650305728684
140 980 0.03945461798415305 0.39348939411311856 0.0058376259933404 0.0058376259933404 0.03479801337399973 0.39348939411311856
141 987 0.038700882670942814 0.37126086982498735 0.006226624475728754 0.006226624475728754 0.0331421751289389 0.37126086982498735
142 994 0.04483258022270166 0.3938448995181436 0.005380065868245026 0.005380065868245026 0.030339963416410334 0.3938448995181436
143 1001 0.048016385510085476 0.44358112001670413 0.004934520773887503 0.004934520773887503 0.03187829338591399 0.44358112001670413
144 1008 0.05874361591510257 0.43652863093469524 0.004799596954181137 0.004799596954181137 0.029204932067279653 0.43652863093469524
145 1015 0.04453832331621266 0.40470056995694603 0.0055967409867569515 0.0055967409867569515 0.03433132100516117 0.40470056995694603
146 1022 0.037751157954341974 0.3822755112599551 0.005675822358243725 0.005675822358243725 0.028614910126890578 0.3822755112599551
147 1029 0.03597906508333033 0.3773873895825947 0.004711179983045492 0.004711179983045492 0.028189012758474487 0.3773873895825947
148 1036 0.03265601264879574 0.37781861195291055 0.004237425773949362 0.004237425773949362 0.02829139229550432 0.37781861195291055
149 1043 0.0433526674407804 0.3434610772872249 0.004241499709871915 0.004241499709871915 0.02576712067982329 0.3434610772872249
150 1050 0.04899817800895036 0.32876185182565876 0.0048530890732334155 0.0048530890732334155 0.029267012160090065 0.32876185182565876
151 1057 0.04965658005712538 0.33419093577862463 0.004917207060926281 0.004917207060926281 0.02847645229884815 0.33419093577862463
152 1064 0.0430715301531926 0.331306911081199 0.004055513225859722 0.004055513225859722 0.03192437791002608 0.331306911081199
153 1071 0.044011972949528 0.32390054235725113 0.0036780433095746426 0.0036780433095746426 0.030575954704514578 0.32390054235725113
154 1078 0.050569280941745044 0.31420724053939897 0.00388644814430476 0.00388644814430476 0.030160425985185375 0.31420724053939897
155 1085 0.04537156206760064 0.359168586541877 0.0036313216590631615 0.0036313216590631615 0.028419625483880426 0.359168586541877
156 1092 0.04303716488920788 0.41485974967101324 0.0031968707492831725 0.0031968707492831725 0.028533755857441744 0.41485974967101324
157 1099 0.042247457817812986 0.4122804234178563 0.0032315330739362148 0.0032315330739362148 0.02413307276198125 0.4122804234178563
158 1106 0.05390656807641624 0.40911995101809995 0.0027488336797352212 0.0027488336797352212 0.026556411072752893 0.40911995101809995
159 1113 0.06619533441810727 0.42148199903461203 0.002614946521117187 0.002614946521117187 0.030122505284873112 0.42148199903461203
160 1120 0.07071533323999661 0.4835726624402076 0.0023639487793496537 0.0023639487793496537 0.030326154259227057 0.4835726624402076
161 1127 0.08825968345880776 0.5623121420691292 0.0019286975467129254 0.0019286975467129254 0.029244306901253053 0.5623121420691292
162 1134 0.09925432940190117 0.5321384235429012 0.002516025622421018 0.002516025622421018 0.027315976693920857 0.5321384235429012
163 1141 0.10006363802831592 0.5210359769659454 0.002557755020180764 0.002557755020180764 0.02818421658750562 0.5210359769659454
164 1148 0.14322262680755357 0.5306709658307363 0.002177956667656748 0.002177956667656748 0.027989491280900492 0.5306709658307363
165 1155 0.1762569113960965 0.5368298652263078 0.002221659193330703 0.002221659193330703 0.02773409866627018 0.5368298652263078
166 1162 0.17356277708610662 0.5355894125918573 0.002315418067651792 0.002315418067651792 0.02507767742128607 0.5355894125918573
167 1169 0.14347481063013687 0.492692983974285 0.0022514904783503395 0.0022514904783503395 0.024084423281271628 0.492692983974285
168 1176 0.13887180287449613 0.4545027312152367 0.002253964605908705 0.002253964605908705 0.022577751425164973 0.4545027312152367
169 1183 0.11643520131588593 0.4250418647062459 0.0021119959615625537 0.0021119959615625537 0.0242524572458646 0.4250418647062459
170 1190 0.11454245130247225 0.40970568865846574 0.001780767929615009 0.001780767929615009 0.02295283612751211 0.40970568865846574
171 1197 0.10674787129298492 0.45016403520100845 0.0018487551489816815 0.0018487551489816815 0.020694606497373865 0.45016403520100845
172 1204 0.1005779089488921 0.4247064474954119 0.0019064923290657721 0.0019064923290657721 0.02052415793419004 0.4247064474954119
173 1211 0.08346662546399254 0.41910137316529655 0.0017808565219921662 0.0017808565219921662 0.019488124150541214 0.41910137316529655
174 1218 0.08885600013936448 0.38381756842392534 0.001890628185799006 0.001890628185799006 0.017084238726847466 0.38381756842392534
175 1225 0.10034864653098888 0.3530288781660581 0.0022766745314854657 0.0022766745314854657 0.015572160222893287 0.3530288781660581
176 1232 0.13293952124531555 0.34918161580622414 0.0022701814608515896 0.0022701814608515896 0.015376834331820102 0.34918161580622414
177 1239 0.11764367931093563 0.31214338048459694 0.0028740502923496054 0.0028740502923496054 0.01470796772038449 0.31214338048459694
178 1246 0.10900268856481088 0.2835825702908073 0.002604740522695369 0.002604740522695369 0.014129713444116175 0.2835825702908073
179 1253 0.10656772762450802 0.27315449217182175 0.0025474938883376617 0.0025474938883376617 0.015209919113326606 0.27315449217182175
180 1260 0.1084558636845585 0.30349510164514937 0.0023593597236424343 0.0023593597236424343 0.013729755545672693 0.30349510164514937
181 1267 0.13142417400459278 0.31364719930750756 0.0023888748346148005 0.0023888748346148005 0.012993705435545858 0.31364719930750756
182 1274 0.12770035104588143 0.3461366144801437 0.002208275450202448 0.002208275450202448 0.013544511684383219 0.3461366144801437
183 1281 0.13616783317288916 0.33510077914403164 0.0022046181472215078 0.0022046181472215078 0.013393278148392968 0.33510077914403164
184 1288 0.191117567663826 0.34618625980356965 0.0021373196471344944 0.0021373196471344944 0.012427226611830457 0.34618625980356965
185 1295 0.1680861648902421 0.35041635423073086 0.001903553312989898 0.001903553312989898 0.013960488071135913 0.35041635423073086
186 1302 0.1406359070592281 0.37919451150924616 0.001782615842831359 0.001782615842831359 0.012910370241184153 0.37919451150924616
187 1309 0.16911665208821114 0.3675510605750973 0.0016863754670368171 0.0016863754670368171 0.011094514232478087 0.3675510605750973
188 1316 0.17742009557711694 0.42946308871516103 0.0013624829347231653 0.0013624829347231653 0.012050293216703678 0.42946308871516103
189 1323 0.1829485993789933 0.40544234045833183 0.0013939105765716382 0.0013939105765716382 0.011434337035211559 0.40544234045833183
190 1330 0.19084321085412048 0.4191978414001803 0.0013192821275792947 0.0013192821275792947 0.010945877796033496 0.4191978414001803
191 1337 0.17936053706453484 0.4296435536894139 0.0012337748735205686 0.0012337748735205686 0.011829510040818664 0.4296435536894139
192 1344 0.18057838179108687 0.4230265887581946 0.0011621199131354528 0.0011621199131354528 0.012910663069834395 0.4230265887581946
193 1351 0.15175086979284994 0.44865601870899136 0.0010811712375168021 0.0010811712375168021 0.012142215514432002 0.44865601870899136
194 1358 0.11801371622563377 0.44942552356946697 0.0011046788137670663 0.0011046788137670663 0.010636033491275865 0.44942552356946697
195 1365 0.11339694097477873 0.40962184324550444 0.0011059144651393781 0.0011059144651393781 0.009673037673836534 0.40962184324550444
196 1372 0.12655447880475323 0.4503531755004209 0.001126683737501337 0.001126683737501337 0.008119237212962423 0.4503531755004209
197 1379 0.11782789046647449 0.4898976080427819 0.0010980381580755173 0.0010980381580755173 0.008193768864736967 0.4898976080427819
198 1386 0.10509009995300479 0.48391331260082215 0.0011231767693230834 0.0011231767693230834 0.0075251461590040815 0.48391331260082215
199 1393 0.1025983821271896 0.4579561666190824 0.0010062925991636362 0.0010062925991636362 0.007286599979311019 0.4579561666190824
200 1400 0.10958972184569296 0.4503112555849633 0.0010642333774889465 0.0010642333774889465 0.0075566206789912955 0.4503112555849633
201 1407 0.09319291265466566 0.38077031107063725 0.0010555696231526177 0.0010555696231526177 0.008328027414986543 0.38077031107063725
202 1414 0.08276414438832548 0.33125389261753335 0.0010391646132156052 0.0010391646132156052 0.008946729990941121 0.33125389261753335
203 1421 0.07696833596787861 0.3034079450258504 0.001012686893835089 0.001012686893835089 0.008264918111609268 0.3034079450258504
204 1428 0.06820789323632262 0.3059609354222563 0.0009416709266648264 0.0009416709266648264 0.007322200659107645 0.3059609354222563
205 1435 0.05645230658648603 0.27656892185557347 0.0008848315493082052 0.0008848315493082052 0.006834633585235804 0.27656892185557347
206 1442 0.06303760313088906 0.2494899439069104 0.0009158710713276581 0.0009158710713276581 0.006594555333207313 0.2494899439069104
207 1449 0.05296576292365643 0.27619267189586333 0.0009449767070583807 0.0009449767070583807 0.006311700473389237 0.27619267189586333
208 1456 0.051853722455421296 0.26399748041325294 0.0008978798424848815 0.0008978798424848815 0.0058765862051020955 0.26399748041325294
209 1463 0.04843345038216615 0.27720088599163684 0.0007525613351954468 0.0007525613351954468 0.005900834141778613 0.27720088599163684
210 1470 0.03999663934078232 0.2726845871407629 0.0007205838494192572 0.0007205838494192572 0.005582585179936232 0.2726845871407629
211 1477 0.031009559365655325 0.25105598979672433 0.0006662337820044171 0.0006662337820044171 0.005550102478594257 0.25105598979672433
212 1484 0.032044549273087856 0.2225645343594653 0.0006433146799126261 0.0006433146799126261 0.005056340089538566 0.2225645343594653
213 1491 0.030138266737904314 0.23568385643864484 0.000607673700261243 0.000607673700261243 0.00466289471853899 0.23568385643864484
214 1498 0.02616741587180523 0.2251871608851585 0.0006224464893762716 0.0006224464893762716 0.004078836342371981 0.2251871608851585
215 1505 0.02862783667664548 0.23094810381648564 0.0006330657613386123 0.0006330657613386123 0.003790433166190121 0.23094810381648564
216 1512 0.026874660324133666 0.2473879977881203 0.0006259319995425076 0.0006259319995425076 0.0037090350535941463 0.2473879977881203
217 1519 0.03166676531660525 0.24490865567466047 0.000597293106932971 0.000597293106932971 0.003452146481376415 0.24490865567466047
218 1526 0.032157129293024445 0.29520237418471434 0.000558690814434946 0.000558690814434946 0.003395332169226784 0.29520237418471434
219 1533 0.033689259379272196 0.29807533799508434 0.0004802178172657651 0.0004802178172657651 0.0036889862628182017 0.29807533799508434
220 1540 0.028771484553827137 0.30462829231383226 0.0004307901414076888 0.0004307901414076888 0.003657341454726968 0.30462829231383226
221 1547 0.02204488723502471 0.3256195142344845 0.00038899267378236937 0.00038899267378236937 0.0034354824103486727 0.3256195142344845
222 1554 0.021222243754358078 0.3196558254103699 0.0003346477927581772 0.0003346477927581772 0.0034390606226660783 0.3196558254103699
223 1561 0.024399972578678673 0.3067144852815054 0.0003208258690506133 0.0003208258690506133 0.0033782768219107946 0.3067144852815054
224 1568 0.026890736673472304 0.365812239941684 0.0003074800406717696 0.0003074800406717696 0.0034761859574319962 0.365812239941684
225 1575 0.029425795195966675 0.34669577533339746 0.0003133762278696114 0.0003133762278696114 0.0033853001977901466 0.34669577533339746
226 1582 0.027364605234052233 0.3347933258465751 0.00031278560812015704 0.00031278560812015704 0.003580795483701691 0.3347933258465751
227 1589 0.024433343424232336 0.2912736559797713 0.0003139795970052979 0.0003139795970052979 0.0036797519940051215 0.2912736559797713
228 1596 0.025254571600859813 0.2809414435366879 0.00027287335796467144 0.00027287335796467144 0.003984163419061152 0.2809414435366879
229 1603 0.02717522712573083 0.2926371288816156 0.0002791791657069977 0.0002791791657069977 0.0039231865064081215 0.2926371288816156
230 1610 0.030613495784775423 0.3044291543810954 0.0002789330352417326 0.0002789330352417326 0.00405197661180477 0.3044291543810954
231 1617 0.03287866510906879 0.2940297727849363 0.0002771446817287341 0.0002771446817287341 0.0042061812818887595 0.2940297727849363
232 1624 0.02784535183160545 0.28219434791369363 0.0002800115138559606 0.0002800115138559606 0.003854761415003947 0.28219434791369363
233 1631 0.02869683325074862 0.2789345220936625 0.0002552843463452338 0.0002552843463452338 0.003968858250353575 0.2789345220936625
234 1638 0.02774241406493797 0.2535179712997186 0.00025616107003947664 0.00025616107003947664 0.004417573730041396 0.2535179712997186
235 1645 0.030622456135202685 0.270401930055912 0.00024355681723667346 0.00024355681723667346 0.004174057242114492 0.270401930055912
236 1652 0.03167322864882453 0.2940322547689754 0.0002284661052675983 0.0002284661052675983 0.003907774281503298 0.2940322547689754
237 1659 0.04160656975463612 0.29344729673411274 0.0002137391619284436 0.0002137391619284436 0.003791170171197562 0.29344729673411274
238 1666 0.04196957345308866 0.28802748495341984 0.00027728504059006614 0.00027728504059006614 0.0035957236112659934 0.28802748495341984
239 1673 0.05091997041500798 0.2955030654455845 0.00027820822580105386 0.00027820822580105386 0.0035565951016348417 0.2955030654455845
240 1680 0.04898728326758363 0.33677373509902553 0.00027356946218873095 0.00027356946218873095 0.0033689860585541563 0.33677373509902553
241 1687 0.0477521554084645 0.3145112442464619 0.000261867096778639 0.000261867096778639 0.003256662747449285 0.3145112442464619
242 1694 0.04888458159621049 0.3145099801640939 0.0002350209887100814 0.0002350209887100814 0.0031765586951637385 0.3145099801640939
243 1701 0.04929301369795354 0.30893039680453943 0.00022866671401429244 0.00022866671401429244 0.003194120453301447 0.30893039680453943
244 1708 0.051554494774923645 0.31566801710104253 0.00020904274063985668 0.00020904274063985668 0.003360977410033785 0.31566801710104253
245 1715 0.044449020739122685 0.3314804693648207 0.00019294645507082585 0.00019294645507082585 0.0034397229922368097 0.3314804693648207
246 1722 0.04035631351908318 0.30748976574891734 0.0001814661038881581 0.0001814661038881581 0.003296143023953936 0.30748976574891734
247 1729 0.049966138084903265 0.3196196480398792 0.00015297051862094948 0.00015297051862094948 0.00319171531755887 0.3196196480398792
248 1736 0.047483280062259915 0.41223974013460696 0.0001422947798148488 0.0001422947798148488 0.002906293113208836 0.41223974013460696
249 1743 0.043902643322890865 0.4210686908087519 0.00013082796565661982 0.00013082796565661982 0.002644866967630071 0.4210686908087519
250 1750 0.0546353236138787 0.4023791573906694 0.00012415372788045594 0.00012415372788045594 0.002697750134950378 0.4023791573906694
251 1757 0.0458832545915181 0.36348933270097966 0.0001351761532615567 0.0001351761532615567 0.0029551035669109784 0.36348933270097966
252 1764 0.04657981967477278 0.34937486613645624 0.00012136360117537897 0.00012136360117537897 0.0028648256961145624 0.34937486613645624
253 1771 0.04440718935291737 0.3436839276280072 0.00010653696056330193 0.00010653696056330193 0.0031056235532996184 0.3436839276280072
254 1778 0.040722960951663195 0.31300077858412234 0.0001123952585186373 0.0001123952585186373 0.0030796323985998134 0.31300077858412234
255 1785 0.05346681119306512 0.33324523743751083 8.98473753186138e-05 8.98473753186138e-05 0.003000081940856492 0.33324523743751083
256 1792 0.04626498410866863 0.44323232293683523 8.288731375048433e-05 8.288731375048433e-05 0.002921913805423621 0.44323232293683523
257 1799 0.037129924154814024 0.43002815907642333 7.683757687474514e-05 7.683757687474514e-05 0.002680610408414822 0.43002815907642333
258 1806 0.03127523727459725 0.3844230721519726 7.310457545105341e-05 7.310457545105341e-05 0.0025159049199315023 0.3844230721519726
259 1813 0.02485745178982451 0.3895383925542912 6.636128570234053e-05 6.636128570234053e-05 0.0023398843928836635 0.3895383925542912
260 1820 0.032065946688014504 0.37998084752829026 5.814434076264265e-05 5.814434076264265e-05 0.002176587913061765 0.37998084752829026
261 1827 0.04387181357056708 0.33600481283966066 8.073851142599864e-05 8.073851142599864e-05 0.0021335606126879456 0.33600481283966066
262 1834 0.04594755690225198 0.3558325343054185 7.906528480666041e-05 7.906528480666041e-05 0.002131360490582216 0.3558325343054185
263 1841 0.04888028192414905 0.3189654569935279 7.376456817680262e-05 7.376456817680262e-05 0.00214879227011614 0.3189654569935279
264 1848 0.05372521674177441 0.317384630146654 7.726493963386049e-05 7.726493963386049e-05 0.00207333298255972 0.317384630146654
265 1855 0.06536641342957664 0.3145383986109524 8.625065890554574e-05 8.625065890554574e-05 0.00192558292383343 0.3145383986109524
266 1862 0.05472408623440835 0.3166522041027803 9.70278489680172e-05 9.70278489680172e-05 0.001750022858663954 0.3166522041027803
267 1869 0.05492118509703783 0.2957682162171954 9.032896795329145e-05 9.032896795329145e-05 0.0016304902939109655 0.2957682162171954
268 1876 0.06416024043898634 0.2770513074174501 8.875174168657277e-05 8.875174168657277e-05 0.0017173800202930128 0.2770513074174501
269 1883 0.06901558566603401 0.28822557473776095 8.365821011477252e-05 8.365821011477252e-05 0.0017738040938207942 0.28822557473776095
270 1890 0.06676347501535768 0.3052126565047837 8.429363414408958e-05 8.429363414408958e-05 0.001672184043028164 0.3052126565047837
271 1897 0.05216809915884631 0.30372767374129367 8.390112078936184e-05 8.390112078936184e-05 0.001644596779153823 0.30372767374129367
272 1904 0.049556746013614525 0.3014706112315754 7.376786910219756e-05 7.376786910219756e-05 0.0014899748440481697 0.3014706112315754
273 1911 0.04658764151753557 0.2613748905919991 7.299991841259388e-05 7.299991841259388e-05 0.0015318828620029825 0.2613748905919991
274 1918 0.04116801466376271 0.28656997447548993 6.032873557306929e-05 6.032873557306929e-05 0.0014381749815440793 0.28656997447548993
275 1925 0.03571028107644981 0.273609344861613 5.973964649919094e-05 5.973964649919094e-05 0.0012794317961667004 0.273609344861613
276 1932 0.0366570390400457 0.28297774146933724 5.5360597351027216e-05 5.5360597351027216e-05 0.0011228599595273715 0.28297774146933724
277 1939 0.03332400938051415 0.3322786385610215 5.41419042566361e-05 5.41419042566361e-05 0.0010158841385120572 0.3322786385610215
278 1946 0.032709225223769615 0.33691403132044734 4.5178075325570786e-05 4.5178075325570786e-05 0.0010721480077168887 0.33691403132044734
279 1953 0.03251951365185818 0.3357242199937732 3.899698633274701e-05 3.899698633274701e-05 0.0011126701479354413 0.3357242199937732
280 1960 0.027543924580498647 0.32863055200694374 3.732198706400006e-05 3.732198706400006e-05 0.0010795182443816326 0.32863055200694374
281 1967 0.02228484223800006 0.30038282080979695 3.788375053289756e-05 3.788375053289756e-05 0.0009497572601139063 0.30038282080979695
282 1974 0.017152799306686582 0.2926316203161018 3.193550999140964e-05 3.193550999140964e-05 0.0009140636950780136 0.2926316203161018
283 1981 0.014840072685641616 0.28927409335025595 3.122908692352604e-05 3.122908692352604e-05 0.0007147333819355429 0.28927409335025595
284 1988 0.01471259333949997 0.27866611568311 3.145002986533524e-05 3.145002986533524e-05 0.0006230568568155651 0.27866611568311
285 1995 0.012592140845312221 0.2863613073042803 3.161168852920872e-05 3.161168852920872e-05 0.0005727320746080783 0.2863613073042803
286 2002 0.010942383942970898 0.26410746144992714 3.125242560692905e-05 3.125242560692905e-05 0.0005340125066367286 0.26410746144992714
287 2009 0.010116675224007724 0.2392410210360774 3.082482113894135e-05 3.082482113894135e-05 0.0005223423971262608 0.2392410210360774
288 2016 0.01187786055284108 0.2565750828137972 3.2113830703323284e-05 3.2113830703323284e-05 0.0004363938100820634 0.2565750828137972
289 2023 0.012740568867122715 0.2794684000724108 2.8447816733152504e-05 2.8447816733152504e-05 0.0004607144970835601 0.2794684000724108
290 2030 0.01576393488533968 0.2828763229853938 2.5103096326639133e-05 2.5103096326639133e-05 0.00045243812089356474 0.2828763229853938
291 2037 0.01944456660616721 0.3075076470988597 2.4576094653163986e-05 2.4576094653163986e-05 0.0004492494753246408 0.3075076470988597
292 2044 0.019725095536966993 0.30694239360048675 2.4151793141484337e-05 2.4151793141484337e-05 0.0004448158436249732 0.30694239360048675
293 2051 0.015088192234241776 0.2890705127254086 2.242630907458329e-05 2.242630907458329e-05 0.0004531903080555024 0.2890705127254086
294 2058 0.012521631122358292 0.2935438294816853 2.00706845661756e-05 2.00706845661756e-05 0.00041499057646177015 0.2935438294816853
295 2065 0.0110538012802207 0.28209658895400114 1.7943461306593765e-05 1.7943461306593765e-05 0.00041339037930244777 0.28209658895400114
296 2072 0.00983840322550306 0.2539721260408056 1.7231019245715476e-05 1.7231019245715476e-05 0.0004026903339217564 0.2539721260408056
297 2079 0.009980536874131331 0.2337995923002191 1.5070097266857071e-05 1.5070097266857071e-05 0.00041657013317254624 0.2337995923002191
298 2086 0.010007863051342767 0.2322579192834555 1.5117734399811315e-05 1.5117734399811315e-05 0.00039032955681506646 0.2322579192834555
299 2093 0.00888026465006999 0.24322605200267472 1.3337235400666648e-05 1.3337235400666648e-05 0.00039755379116746946 0.24322605200267472
300 2100 0.008675829623097582 0.24575441869712797 1.0779010366427939e-05 1.0779010366427939e-05 0.00041265127942809583 0.24575441869712797
301 2107 0.01076402435044864 0.2644733316192206 1.0323186962560502e-05 1.0323186962560502e-05 0.00035973669282364984 0.2644733316192206
302 2114 0.011738736784876542 0.3336272718324814 1.0173714928919633e-05 1.0173714928919633e-05 0.00032632816830073936 0.3336272718324814
303 2121 0.012767925998683604 0.3215765746588152 1.006937086097169e-05 1.006937086097169e-05 0.00031402134885920427 0.3215765746588152
304 2128 0.012246104704446877 0.29677482206203076 8.909969886918544e-06 8.909969886918544e-06 0.00037586692090714225 0.29677482206203076
305 2135 0.012146000473946414 0.31397763028321274 8.501795266687507e-06 8.501795266687507e-06 0.00035101717352979873 0.31397763028321274
306 2142 0.009441948164918886 0.29735101129863956 8.012544669523228e-06 8.012544669523228e-06 0.00034788817634568597 0.29735101129863956
307 2149 0.010333172208263288 0.28301892687340463 7.20360152245175e-06 7.20360152245175e-06 0.00031694433197249365 0.28301892687340463
308 2156 0.009534790718993469 0.30351136249664257 6.988577006301847e-06 6.988577006301847e-06 0.0003177614209339602 0.30351136249664257
309 2163 0.01195078833046613 0.3190030051016661 6.8781408400195175e-06 6.8781408400195175e-06 0.0003089079491525075 0.3190030051016661
310 2170 0.009732495847106259 0.37561447754178656 6.941233569332419e-06 6.941233569332419e-06 0.00030935062207179193 0.37561447754178656
311 2177 0.010335489561656929 0.40023091006906564 5.796314009271381e-06 5.796314009271381e-06 0.0003086473489693174 0.40023091006906564
312 2184 0.008267946813944693 0.43064862820738087 5.7362283815319856e-06 5.7362283815319856e-06 0.0002850226068747508 0.43064862820738087
313 2191 0.007328412905109059 0.4195407021317833 5.87696557931459e-06 5.87696557931459e-06 0.00024174903543223487 0.4195407021317833
314 2198 0.006595941530684998 0.4213986593342849 5.750629453768675e-06 5.750629453768675e-06 0.00020935872985320767 0.4213986593342849
315 2205 0.006800049802650021 0.4373628667231393 5.7756094828245575e-06 5.7756094828245575e-06 0.00017940114285423908 0.4373628667231393
316 2212 0.00562578811668286 0.4544455398433132 5.623032938780988e-06 5.623032938780988e-06 0.000163048376679796 0.4544455398433132
317 2219 0.005354765984404503 0.38205903711286254 5.071571453146799e-06 5.071571453146799e-06 0.00017506674084499178 0.38205903711286254
318 2226 0.005243786098562296 0.37755621077399165 4.591763573580389e-06 4.591763573580389e-06 0.000168787404860187 0.37755621077399165
319 2233 0.004422066097376612 0.37115625992981005 4.138852080549514e-06 4.138852080549514e-06 0.0001816337719624591 0.37115625992981005
320 2240 0.004065785212798392 0.3407236028424892 3.931087329884541e-06 3.931087329884541e-06 0.0001670929714407711 0.3407236028424892
321 2247 0.004834190901817004 0.3401125627223608 4.20434893730266e-06 4.20434893730266e-06 0.00013204083665619448 0.3401125627223608
322 2254 0.004629903001861215 0.3572895521622582 4.171885802228736e-06 4.171885802228736e-06 0.00013964380258941586 0.3572895521622582
323 2261 0.004636539672210877 0.3398702350260642 3.896118672222864e-06 3.896118672222864e-06 0.00013581871146497692 0.3398702350260642
324 2268 0.00444864965892447 0.40732029596849384 3.6862307932950103e-06 3.6862307932950103e-06 0.0001208873267503822 0.40732029596849384
325 2275 0.00445889672795296 0.4157930209623481 3.365099519235816e-06 3.365099519235816e-06 0.00011230575219837142 0.4157930209623481
326 2282 0.003911317205570781 0.38043733374356775 3.4078795348444047e-06 3.4078795348444047e-06 0.00011439219598771328 0.38043733374356775
327 2289 0.004536066238849633 0.32603669368378657 3.551767919196375e-06 3.551767919196375e-06 0.00011156051556351642 0.32603669368378657
328 2296 0.0037037666962923253 0.3086333656108774 4.046745202205348e-06 4.046745202205348e-06 0.00011165876250480443 0.3086333656108774
329 2303 0.003772857024880612 0.32068994941566065 3.5436637784878043e-06 3.5436637784878043e-06 0.00010485208355952687 0.32068994941566065
330 2310 0.00376559603083694 0.3185205814214353 3.710820864858643e-06 3.710820864858643e-06 9.533317418349803e-05 0.3185205814214353
331 2317 0.0032335339948672283 0.31236604280672153 3.693061350060209e-06 3.693061350060209e-06 8.693644968476316e-05 0.31236604280672153
332 2324 0.002915752375561827 0.31039354021413723 2.9887489520782967e-06 2.9887489520782967e-06 8.753305899360853e-05 0.31039354021413723
333 2331 0.00252660794048259 0.33009615206288223 2.811175942426061e-06 2.811175942426061e-06 8.430283802121897e-05 0.33009615206288223
334 2338 0.0026064338864568914 0.32771089959980565 2.7332268925617303e-06 2.7332268925617303e-06 7.408746493768847e-05 0.32771089959980565
335 2345 0.003558948594524397 0.3090890987929445 2.5590473165409873e-06 2.5590473165409873e-06 8.07898726874757e-05 0.3090890987929445
336 2352 0.0036839749427335596 0.2981272292974619 2.9763658026041452e-06 2.9763658026041452e-06 7.895485410933887e-05 0.2981272292974619
337 2359 0.00400091601957245 0.2861060494172923 3.0149890693339952e-06 3.0149890693339952e-06 8.297568348960007e-05 0.2861060494172923
338 2366 0.0034763782499040944 0.27752978451590926 3.086673674633163e-06 3.086673674633163e-06 7.97196558811113e-05 0.27752978451590926
339 2373 0.0028716034482681005 0.24518644397234632 3.199861387918222e-06 3.199861387918222e-06 7.574476965820414e-05 0.24518644397234632
340 2380 0.0025568319982832723 0.24270552885394978 3.057211394957156e-06 3.057211394957156e-06 6.683679595465426e-05 0.24270552885394978
341 2387 0.002190636073810275 0.23348854878784567 3.1242114031294457e-06 3.1242114031294457e-06 6.089622428087556e-05 0.23348854878784567
342 2394 0.0021080364275348627 0.23677717405748872 2.6824594657026223e-06 2.6824594657026223e-06 6.0113907486521935e-05 0.23677717405748872
343 2401 0.0016674339043687085 0.23345674811753736 2.7821060165272973e-06 2.7821060165272973e-06 5.4544205617933384e-05 0.23345674811753736
344 2408 0.001925162428230063 0.22104397503072357 2.573418578305668e-06 2.573418578305668e-06 4.9583102569910135e-05 0.22104397503072357
345 2415 0.001856881377387526 0.21041533265345114 3.276107436013493e-06 3.276107436013493e-06 4.648460716090753e-05 0.21041533265345114
346 2422 0.002496260655305006 0.19540226648056233 3.0890552041720255e-06 3.0890552041720255e-06 4.9217792268001265e-05 0.19540226648056233
347 2429 0.0026745153454338154 0.23892509069762466 3.292906289247818e-06 3.292906289247818e-06 5.1305612742245714e-05 0.23892509069762466
348 2436 0.002443139426586339 0.2228655508119763 3.0297977012182815e-06 3.0297977012182815e-06 5.2083797067008576e-05 0.2228655508119763
349 2443 0.002494279260337219 0.23047376036545286 2.836855729915168e-06 2.836855729915168e-06 4.540802442525155e-05 0.23047376036545286
350 2450 0.0028194432381170417 0.20588629728211388 3.2556640816090722e-06 3.2556640816090722e-06 4.488164101058251e-05 0.20588629728211388
351 2457 0.003449764996596952 0.21297691659860526 3.2620634497071213e-06 3.2620634497071213e-06 4.6384283319033214e-05 0.21297691659860526
352 2464 0.003879534765814205 0.22608303492888812 3.2710100678563595e-06 3.2710100678563595e-06 5.212526449640983e-05 0.22608303492888812
353 2471 0.0036323935170107994 0.2214930892910163 3.128986607385325e-06 3.128986607385325e-06 5.401578474280826e-05 0.2214930892910163
354 2478 0.003014161894854775 0.21975941539653476 2.915279521199015e-06 2.915279521199015e-06 4.811602299957037e-05 0.21975941539653476
355 2485 0.003143451632212163 0.21138322562175377 2.5358024811424616e-06 2.5358024811424616e-06 4.639039335734982e-05 0.21138322562175377
356 2492 0.0028173724892733777 0.18708769566957617 2.6840284703797462e-06 2.6840284703797462e-06 4.890602546505772e-05 0.18708769566957617
357 2499 0.0025303307780979844 0.1870722265646526 2.4995327295708227e-06 2.4995327295708227e-06 4.430952367669674e-05 0.1870722265646526
358 2506 0.002604851077395066 0.15872260165355667 2.6651296532811607e-06 2.6651296532811607e-06 4.303492248857692e-05 0.15872260165355667
359 2513 0.0024043226224625142 0.1823103212401096 2.3295615442112648e-06 2.3295615442112648e-06 4.10789414966351e-05 0.1823103212401096
360 2520 0.0028617764162961966 0.18383687471063828 2.07270445027162e-06 2.07270445027162e-06 3.770380502169091e-05 0.18383687471063828
361 2527 0.0033510677328261827 0.18378529186527717 1.868744377307796e-06 1.868744377307796e-06 4.5766763145880306e-05 0.18378529186527717
362 2534 0.0032232828648732694 0.16743408351184122 1.7186631982181166e-06 1.7186631982181166e-06 5.0989180669345806e-05 0.16743408351184122
363 2541 0.0034299359064127928 0.1610945253266201 1.6965279738686697e-06 1.6965279738686697e-06 4.566314353918243e-05 0.1610945253266201
364 2548 0.002959001381583351 0.1601338972185139 1.627326299099644e-06 1.627326299099644e-06 4.620503181989157e-05 0.1601338972185139
365 2555 0.0034895580482870773 0.14775290672240846 1.4775039065404973e-06 1.4775039065404973e-06 4.62266884323291e-05 0.14775290672240846
366 2562 0.0030545712444226283 0.1377891134447157 1.6455419592536339e-06 1.6455419592536339e-06 4.5872858768397015e-05 0.1377891134447157
367 2569 0.0026728310932993184 0.13438342767204003 1.5873070537964406e-06 1.5873070537964406e-06 4.229024532193405e-05 0.13438342767204003
368 2576 0.00296725131053905 0.12142738972404972 1.5770501241630246e-06 1.5770501241630246e-06 4.057508732753833e-05 0.12142738972404972
369 2583 0.0034967070035421804 0.11403947398006244 1.4895608383624311e-06 1.4895608383624311e-06 4.734542006914894e-05 0.11403947398006244
370 2590 0.004160226912926088 0.1174754315788496 1.5831446010468344e-06 1.5831446010468344e-06 4.584463502779877e-05 0.1174754315788496
371 2597 0.004119882033307927 0.10886607518493739 1.7460296097725822e-06 1.7460296097725822e-06 4.286493852821509e-05 0.10886607518493739
372 2604 0.003323980771998944 0.10188247239724979 1.76337038039927e-06 1.76337038039927e-06 3.890856970367235e-05 0.10188247239724979
373 2611 0.002971696368445252 0.10155354553816467 1.4408961023841162e-06 1.4408961023841162e-06 3.727584825976657e-05 0.10155354553816467
374 2618 0.0024227326503842264 0.11355138590640601 1.30889563345443e-06 1.30889563345443e-06 3.3012742937970436e-05 0.11355138590640601
375 2625 0.0025047034225003898 0.10727060346887794 1.299188366243268e-06 1.299188366243268e-06 2.9698890465376907e-05 0.10727060346887794
376 2632 0.0025567570934670954 0.11446313000169635 1.159665216756829e-06 1.159665216756829e-06 2.987854102676998e-05 0.11446313000169635
377 2639 0.0032742395531684724 0.11917717282081702 1.0564030813331705e-06 1.0564030813331705e-06 3.075399490195012e-05 0.11917717282081702
378 2646 0.0035054854926580767 0.14947226290261886 9.878865751920006e-07 9.878865751920006e-07 2.710899721508698e-05 0.14947226290261886
379 2653 0.004038316980096984 0.15031967667293647 9.419996987166052e-07 9.419996987166052e-07 2.7668314388321722e-05 0.15031967667293647
380 2660 0.0053974527444571015 0.13394194149788236 8.958310626333354e-07 8.958310626333354e-07 3.2334155233760266e-05 0.13394194149788236
381 2667 0.0064960636104988674 0.14159186116486105 8.662997681649409e-07 8.662997681649409e-07 3.307701975149924e-05 0.14159186116486105
382 2674 0.005221940037829059 0.1425104748107609 7.758035479490175e-07 7.758035479490175e-07 3.541495334012982e-05 0.1425104748107609
383 2681 0.004245502258582278 0.1293502314419077 7.636541555059434e-07 7.636541555059434e-07 3.1473685360557554e-05 0.1293502314419077
384 2688 0.003768734945550108 0.1138878757187387 7.786127184745194e-07 7.786127184745194e-07 2.8116555104551145e-05 0.1138878757187387
385 2695 0.0038133049831368783 0.1092772400459162 7.208920586415629e-07 7.208920586415629e-07 2.6066662811923145e-05 0.1092772400459162
386 2702 0.005265336221497969 0.10222410298892151 6.191068962460745e-07 6.191068962460745e-07 3.0558131882221616e-05 0.10222410298892151
387 2709 0.005233339270640264 0.09806382460045869 6.345253200319586e-07 6.345253200319586e-07 3.316892979069005e-05 0.09806382460045869
388 2716 0.0055852837613338665 0.10434713391276357 6.196296803812496e-07 6.196296803812496e-07 2.7979639401126126e-05 0.10434713391276357
389 2723 0.007552356215203792 0.11527341614812395 5.455526390050082e-07 5.455526390050082e-07 2.9846564647314814e-05 0.11527341614812395
390 2730 0.007321462612888224 0.11081580271528017 5.535307093940565e-07 5.535307093940565e-07 3.0794382939794726e-05 0.11081580271528017
391 2737 0.006330218605744882 0.12069298783180261 5.366788054147476e-07 5.366788054147476e-07 2.7505911378681346e-05 0.12069298783180261
392 2744 0.00767717626718639 0.12394155484343868 4.4603439591318674e-07 4.4603439591318674e-07 2.577634551616196e-05 0.12394155484343868
393 2751 0.008370989710241123 0.1371746142040465 4.847282796279027e-07 4.847282796279027e-07 2.3351288888315187e-05 0.1371746142040465
394 2758 0.009339204666305381 0.15327271831999684 4.784559880295384e-07 4.784559880295384e-07 2.149966414289644e-05 0.15327271831999684
395 2765 0.010530286682578766 0.16818265254339115 4.3178468640919635e-07 4.3178468640919635e-07 2.111914549560985e-05 0.16818265254339115
396 2772 0.011844541423378908 0.18291634289602604 4.031952336178979e-07 4.031952336178979e-07 2.077151519680482e-05 0.18291634289602604
397 2779 0.01818484623561438 0.19976770236257585 3.9276067225375676e-07 3.9276067225375676e-07 1.9481759912077453e-05 0.19976770236257585
398 2786 0.018030968744874996 0.22601192240110363 3.5803288240936447e-07 3.5803288240936447e-07 2.021366468997749e-05 0.22601192240110363
399 2793 0.022490520923993174 0.21019918694516526 3.1425202749566334e-07 3.1425202749566334e-07 1.963504453169057e-05 0.21019918694516526
400 2800 0.022906888649808478 0.20669491499773557 3.030654780761587e-07 3.030654780761587e-07 2.3260226975307985e-05 0.20669491499773557
401 2807 0.02747593179842191 0.19444256544719546 3.126619751111969e-07 3.126619751111969e-07 2.1568705020604838e-05 0.19444256544719546
402 2814 0.02782831197844143 0.20967820645395427 2.8801083077254327e-07 2.8801083077254327e-07 2.1832569716248367e-05 0.20967820645395427
403 2821 0.02812271137453197 0.20935291362628902 2.636304859842462e-07 2.636304859842462e-07 2.0267704110295613e-05 0.20935291362628902
404 2828 0.022661085102751763 0.21146137181266017 2.5777459507797606e-07 2.5777459507797606e-07 1.9975131742442233e-05 0.21146137181266017
405 2835 0.02538648616337065 0.20914511901304758 2.63294483083424e-07 2.63294483083424e-07 1.804913950875223e-05 0.20914511901304758
406 2842 0.029755274932062543 0.20802994717153722 3.092784170204738e-07 3.092784170204738e-07 1.696143690175734e-05 0.20802994717153722
407 2849 0.026453835716501697 0.18844688259249193 3.411047854496266e-07 3.411047854496266e-07 1.8526947141264193e-05 0.18844688259249193
408 2856 0.025902836377620045 0.18329349942022236 3.079586927850471e-07 3.079586927850471e-07 1.6928408021291675e-05 0.18329349942022236
409 2863 0.023856000785141915 0.18223683527620513 2.9365083022153753e-07 2.9365083022153753e-07 1.713977031821256e-05 0.18223683527620513
410 2870 0.022400534124685366 0.1910438964615399 2.4812458048661595e-07 2.4812458048661595e-07 1.5879839389186997e-05 0.1910438964615399
411 2877 0.02176148512588472 0.18529133226712646 2.456493483145372e-07 2.456493483145372e-07 1.4864105837873434e-05 0.18529133226712646
412 2884 0.023299635104789617 0.19220883267305197 2.3857534148280867e-07 2.3857534148280867e-07 1.421174815873121e-05 0.19220883267305197
413 2891 0.029223154957646148 0.16298329944337647 2.951263496950942e-07 2.951263496950942e-07 1.3495228565258797e-05 0.16298329944337647
414 2898 0.03105459866664198 0.16550887628272284 2.827326196139592e-07 2.827326196139592e-07 1.557683065847386e-05 0.16550887628272284
415 2905 0.03353918175255411 0.18823545881882264 2.5863688805714633e-07 2.5863688805714633e-07 1.5061156337736628e-05 0.18823545881882264
416 2912 0.030508038194253306 0.1873955429551527 2.1766078246748763e-07 2.1766078246748763e-07 1.6626415788956447e-05 0.1873955429551527
417 2919 0.03395326540944852 0.1843923189787576 2.1536301903793978e-07 2.1536301903793978e-07 1.6219044434126014e-05 0.1843923189787576
418 2926 0.02842835404604518 0.1865840360654208 1.937806663701219e-07 1.937806663701219e-07 1.8559631177039006e-05 0.1865840360654208
419 2933 0.02375280541529432 0.18093505254202005 1.6357109387958063e-07 1.6357109387958063e-07 1.7179869183685864e-05 0.18093505254202005
420 2940 0.018866694141392193 1.0000333338888951 1.0 1.0 1.0000166668055563 1.0000333338888951
421 2947 0.016639857307667077 0.9796978559011152 0.8627449524954022 0.8627449524954022 0.9457115631120957 0.9796978559011152
422 2954 0.014583579658881192 1.0306798063284943 0.7295095091985941 0.7295095091985941 0.899952508062002 1.0306798063284943
423 2961 0.014931432659573366 1.0274299816238839 0.6874453003271931 0.6874453003271931 0.8267659023751334 1.0274299816238839
424 2968 0.015349362639704617 1.047097687999255 0.6898852306951935 0.6898852306951935 0.7806997192854819 1.047097687999255
425 2975 0.020555314604338105 1.0248681913831887 0.6802721103464219 0.6802721103464219 0.7886261217584851 1.0248681913831887
426 2982 0.021100229358335495 1.4475332468274795 0.6398828537047043 0.6398828537047043 0.7151350664596253 1.4475332468274795
427 2989 0.025979802436458813 1.4052580334797562 0.5921676807914602 0.5921676807914602 0.7501667265788692 1.4052580334797562
428 2996 0.02288635429285302 1.712309605424181 0.5769027316581165 0.5769027316581165 0.712236251139202 1.712309605424181
429 3003 0.023041205941876676 1.5960598843953644 0.5063750148086856 0.5063750148086856 0.7093266924773882 1.5960598843953644
430 3010 0.036327577707342164 1.5256191297461552 0.537920148383109 0.537920148383109 0.6650984626650089 1.5256191297461552
431 3017 0.0309262186179111 1.5672162543890045 0.535773618183669 0.535773618183669 0.7032481611509929 1.5672162543890045
432 3024 0.029906076017978157 1.4181594141448937 0.5140113894884795 0.5140113894884795 0.8224032547218374 1.4181594141448937
433 3031 0.02947501718342809 1.5299537560349146 0.4480558853208454 0.4480558853208454 0.8051159163384344 1.5299537560349146
434 3038 0.039281279275963185 1.4037840240650497 0.45650214453690413 0.45650214453690413 0.7765182369633681 1.4037840240650497
435 3045 0.042333234912018465 1.3131746404273754 0.603347788908312 0.603347788908312 0.757203426421478 1.3131746404273754
436 3052 0.042986559809788084 1.4097144865983882 0.566133555278825 0.566133555278825 0.6957994105784545 1.4097144865983882
437 3059 0.06091156590449827 1.3962676932012321 0.5268556015306806 0.5268556015306806 0.676242134586586 1.3962676932012321
438 3066 0.09111359993291485 1.4230121238330191 0.5431003860526588 0.5431003860526588 0.6783324700553861 1.4230121238330191
439 3073 0.10762181501664665 1.4805943630256502 0.5181026235203431 0.5181026235203431 0.7043512670678905 1.4805943630256502
440 3080 0.11866285561337633 1.4252896809885631 0.4684648432192884 0.4684648432192884 0.7983482126629992 1.4252896809885631
441 3087 0.13623926472164752 1.4465201089732327 0.4656076334448785 0.4656076334448785 0.7627997688528553 1.4465201089732327
442 3094 0.14083342494506543 1.4325005391121721 0.4441587622980562 0.4441587622980562 0.8062888573879161 1.4325005391121721
443 3101 0.13243773079764473 1.4685122239206099 0.46629278053045536 0.46629278053045536 0.6768482143539943 1.4685122239206099
444 3108 0.14103656648320873 1.5223988838439977 0.4466259680646368 0.4466259680646368 0.6485035801678513 1.5223988838439977
445 3115 0.1352895520826029 1.4432392819050994 0.4180282239918898 0.4180282239918898 0.7140550847602192 1.4432392819050994
446 3122 0.12142727169395649 1.4562609056348885 0.3713591924682072 0.3713591924682072 0.6578099508217153 1.4562609056348885
447 3129 0.12935154061117982 1.3315128221032893 0.38774301267625766 0.38774301267625766 0.6332055130820655 1.3315128221032893
448 3136 0.166421987088349 1.433088440245995 0.36037388182745805 0.36037388182745805 0.6278437106823397 1.433088440245995
449 3143 0.20509790661735028 1.513338747843853 0.33256772185976796 0.33256772185976796 0.7135650300031141 1.513338747843853
450 3150 0.18506331861341865 1.380729884709127 0.3304534439393047 0.3304534439393047 0.8752664796475307 1.380729884709127
451 3157 0.17164123016151242 1.3508844589444242 0.32581650029207576 0.32581650029207576 0.8675679662401022 1.3508844589444242
452 3164 0.16793105494325444 1.449377550152353 0.2827811957274784 0.2827811957274784 0.8537104951814594 1.449377550152353
453 3171 0.16700501272709137 1.3999450339686994 0.27948585974140094 0.27948585974140094 0.8692528396460812 1.3999450339686994
454 3178 0.182963797112073 1.3609154117550455 0.27889367086890726 0.27889367086890726 0.825275794373099 1.3609154117550455
455 3185 0.18754777679674778 1.3866683464276877 0.25549490875817826 0.25549490875817826 0.9162089291863805 1.3866683464276877
456 3192 0.17264834348516617 1.3455621703309215 0.23408149204062012 0.23408149204062012 0.9730961138605376 1.3455621703309215
457 3199 0.2062600288000333 1.4001160664927506 0.22956540270950898 0.22956540270950898 0.936959232273207 1.4001160664927506
458 3206 0.18404388214929215 1.3955487703359972 0.22030986498241897 0.22030986498241897 1.1158932448141305 1.3955487703359972
459 3213 0.1829286987667618 1.2502188200510809 0.1989296054873774 0.1989296054873774 1.1081420555025014 1.2502188200510809
460 3220 0.14607787665897803 1.185582374287784 0.19265024796974242 0.19265024796974242 1.1625243790582815 1.185582374287784
461 3227 0.12093548529208026 1.1685808225814192 0.18140941841565594 0.18140941841565594 0.972485130580343 1.1685808225814192
462 3234 0.11370491536009104 1.2383306692756073 0.15389159608637068 0.15389159608637068 0.8841267197342085 1.2383306692756073
463 3241 0.09630607657320453 1.2290471956355573 0.1475838169020074 0.1475838169020074 0.8448282687208725 1.2290471956355573
464 3248 0.09509145464320114 1.1438291310455797 0.1593186897521064 0.1593186897521064 0.7876813110127997 1.1438291310455797
465 3255 0.08120248411125791 1.2307334231884397 0.1436147554700119 0.1436147554700119 0.723370732134908 1.2307334231884397
466 3262 0.06646320808939996 1.085510378714744 0.13647205760204836 0.13647205760204836 0.7336636940763106 1.085510378714744
467 3269 0.06653250181197459 1.052442042278525 0.12153143433607515 0.12153143433607515 0.7050797831668303 1.052442042278525
468 3276 0.06299610623776278 1.0857130514730102 0.12176099074970104 0.12176099074970104 0.6487423391381354 1.0857130514730102
469 3283 0.06620383177057312 0.9493620815430173 0.12789140702233381 0.12789140702233381 0.5991506186364179 0.9493620815430173
470 3290 0.08596144241983697 0.9008068305300433 0.1405889285734779 0.1405889285734779 0.604799301048315 0.9008068305300433
471 3297 0.0983010654966066 0.8496297637088341 0.17427968507335526 0.17427968507335526 0.6641214621664525 0.8496297637088341
472 3304 0.10711023751906684 0.8543257388464864 0.17442640066237175 0.17442640066237175 0.6645686165669713 0.8543257388464864
473 3311 0.10804584883118923 0.8314666578210443 0.17542967375871563 0.17542967375871563 0.6775732022327909 0.8314666578210443
474 3318 0.10361976268392564 0.82432113535593 0.17562998038978495 0.17562998038978495 0.617954629181124 0.82432113535593
475 3325 0.10799800421638447 0.8115407207772005 0.1631893862515864 0.1631893862515864 0.6148198961393574 0.8115407207772005
476 3332 0.15299992992535527 0.8345798165458463 0.14275565737316648 0.14275565737316648 0.6321075258691129 0.8345798165458463
477 3339 0.17276977794811046 0.9131627096684681 0.14741615257049198 0.14741615257049198 0.5963288940861052 0.9131627096684681
478 3346 0.2602075640917994 0.9597668315380571 0.13910573177860178 0.13910573177860178 0.5336224280581274 0.9597668315380571
479 3353 0.25580777805224036 1.0212591904811963 0.12344071681550339 0.12344071681550339 0.5619809359871618 1.0212591904811963
480 3360 0.25697875630657757 0.987440231763114 0.14132033067763403 0.14132033067763403 0.46622928658924795 0.987440231763114
481 3367 0.24451298053829226 0.9416504891754096 0.1405867587287876 0.1405867587287876 0.4564222427652383 0.9416504891754096
482 3374 0.32245249999182046 0.89887049543746 0.14731906041285628 0.14731906041285628 0.4103492253471647 0.89887049543746
483 3381 0.27935131092179655 0.9817629891197628 0.16871783925079376 0.16871783925079376 0.3832956678243397 0.9817629891197628
484 3388 0.224659995423673 0.8346003819727984 0.15930547860767982 0.15930547860767982 0.37302096057174705 0.8346003819727984
485 3395 0.18680983603752085 0.8771733717813266 0.13645323831081313 0.13645323831081313 0.35535631543008867 0.8771733717813266
486 3402 0.15349891478183245 0.7423861681840102 0.13742737598299262 0.13742737598299262 0.331956413227987 0.7423861681840102
487 3409 0.11907615827189968 0.731581705458612 0.13629448796660665 0.13629448796660665 0.3058192211594268 0.731581705458612
488 3416 0.10803756817869377 0.7046258447027327 0.13124787480653796 0.13124787480653796 0.2732074294716063 0.7046258447027327
489 3423 0.11355000527547196 0.6501087414448267 0.1204555415582764 0.1204555415582764 0.2839298806541148 0.6501087414448267
490 3430 0.11928075827962277 0.749356544182753 0.10186793256568265 0.10186793256568265 0.2830991101889386 0.749356544182753
491 3437 0.1281179379532325 0.7123121151743366 0.10458764968046809 0.10458764968046809 0.26938032673448753 0.7123121151743366
492 3444 0.12114243544956657 0.7553391737334898 0.09715583177141693 0.09715583177141693 0.25404669554023857 0.7553391737334898
493 3451 0.10248719661206547 0.7636957513198528 0.09439549833128098 0.09439549833128098 0.2383507984452901 0.7636957513198528
494 3458 0.1001212883499934 0.7008045003355656 0.08600156776275669 0.08600156776275669 0.2293805198342524 0.7008045003355656
495 3465 0.13513559891817706 0.6323562017682537 0.08331350317920282 0.08331350317920282 0.25544723137587727 0.6323562017682537
496 3472 0.15117730885318298 0.7118215741902606 0.0737708514341111 0.0737708514341111 0.27434623941098024 0.7118215741902606
497 3479 0.12633443055877558 0.6456724421182547 0.06932274449811052 0.06932274449811052 0.26607003304830656 0.6456724421182547
498 3486 0.09328812109547815 0.610599692042055 0.05737775352948797 0.05737775352948797 0.2662230213494526 0.610599692042055
499 3493 0.08467079010862637 0.5806884228042791 0.050110231462097775 0.050110231462097775 0.25972070548909687 0.5806884228042791
500 3500 0.07093162069733251 0.5683846800950643 0.043712131091632085 0.043712131091632085 0.270006358931675 0.5683846800950643
501 3507 0.06738304268758366 0.5340372602610016 0.03857940589426081 0.03857940589426081 0.25763975535567657 0.5340372602610016
502 3514 0.05286377325134435 0.5315566352656776 0.03338101906649966 0.03338101906649966 0.25619092301430535 0.5315566352656776
503 3521 0.047954189060298406 0.49696988627182875 0.03287326759323024 0.03287326759323024 0.22655066812292607 0.49696988627182875
504 3528 0.047605836965706895 0.49604739785797464 0.028603629294096777 0.028603629294096777 0.23179117477846092 0.49604739785797464
505 3535 0.047743379162190874 0.4466194554590908 0.03130527029417919 0.03130527029417919 0.21845172886396733 0.4466194554590908
505 3535 0.047743379162190874 0.4466194554590908 0.03130527029417919 0.03130527029417919 0.21845172886396733 0.4466194554590908
