% # columns="iteration, evaluation, min max(neg(.)) min(pos(.)) max correlation, correlation matrix principal axes lengths  (sorted square roots of eigenvalues of correlation matrix)", seed=860942, Mon Jul 25 17:22:06 2022
1 7 -0.03235172506465762 -0.02833676600084503 0.13691580334117914 0.1879850340580413 0.9007329874899814 0.9972907514049261 1.0927448203535766
2 14 0.2238170049236174 0.25243967956121116 0.39304811052447214 0.411294912874632 0.9007329874899814 0.9972907514049261 1.0927448203535766
3 21 0.1460802906703201 0.17546490767787576 0.4954081253633591 0.5726712475842979 0.9007329874899814 0.9972907514049261 1.0927448203535766
4 28 0.14377558795165973 0.19727846266613608 0.5198248287548783 0.5738374094033161 0.6176738522681654 0.9338664801597307 1.3215038439059799
5 35 -0.11962862930504088 -0.02692172658104168 0.431724031194415 0.49189904772890136 0.6176738522681654 0.9338664801597307 1.3215038439059799
6 42 -0.1458681008149334 -0.043909158518304445 0.4408375331675872 0.5004608214329221 0.6176738522681654 0.9338664801597307 1.3215038439059799
7 49 -0.31859190352127587 -0.17637323090636156 0.4677690160851131 0.5402644258006903 0.49490105259430617 1.0995156684843719 1.2434380736081765
8 56 -0.34631434839177067 -0.186570933610751 0.45683224644145953 0.51155655834451 0.49490105259430617 1.0995156684843719 1.2434380736081765
9 63 -0.4772455774212023 -0.34744543559641683 0.3997319642856472 0.5189909557548831 0.49490105259430617 1.0995156684843719 1.2434380736081765
10 70 -0.42858570940761004 -0.3364615606255379 0.3339018640631319 0.465232190177283 0.6298082889117261 0.9695959226210615 1.2896609112688093
11 77 -0.33803729734021204 -0.23759351636049314 0.15536492820369419 0.18590729541203768 0.6298082889117261 0.9695959226210615 1.2896609112688093
12 84 -0.44166583013874744 -0.31874445332479595 0.09550027695931564 0.1106604769067347 0.6298082889117261 0.9695959226210615 1.2896609112688093
13 91 -0.3602511110260222 -0.2683227113449521 0.03885364901745004 0.04931736945718068 0.7970658817675309 1.0010019067133773 1.167339352064485
14 98 -0.24317747491216823 -0.18615583705630911 0.09196419467912403 0.1276492340684093 0.7970658817675309 1.0010019067133773 1.167339352064485
15 105 -0.35317709603054603 -0.29265529032819343 0.14207470270869213 0.2264628946853014 0.7970658817675309 1.0010019067133773 1.167339352064485
16 112 -0.4673917671557969 -0.37466518010673255 0.09498049759786811 0.15880246978367066 0.7267505628119144 0.9708954270370035 1.2366065215787923
17 119 -0.5489791056421284 -0.4189635367412512 0.07466926582329549 0.1091979644439339 0.7267505628119144 0.9708954270370035 1.2366065215787923
18 126 -0.5634988148581095 -0.42293735017899753 0.08760087111836623 0.11721881353837554 0.7267505628119144 0.9708954270370035 1.2366065215787923
19 133 -0.5836988713257614 -0.43387466314960416 0.17277683347966874 0.22516979084660244 0.6074628108321816 1.0052222634328511 1.2729953395652318
20 140 -0.4745365021037804 -0.37485171252508054 0.252021199420985 0.3612940471576403 0.6074628108321816 1.0052222634328511 1.2729953395652318
21 147 -0.5535302100280585 -0.4189985691874216 0.18440991841762297 0.25101444011200097 0.6074628108321816 1.0052222634328511 1.2729953395652318
22 154 -0.3793547425138338 -0.28836369174193965 0.1501579866115342 0.20534082862413133 0.7582521068745698 0.9935385986286597 1.1991391893584644
23 161 -0.41847931276442996 -0.32805420966285104 0.034838464346649854 0.06537758591490457 0.7582521068745698 0.9935385986286597 1.1991391893584644
24 168 -0.5234087026498696 -0.3852303187598741 0.05295157060988212 0.06083381650980545 0.7582521068745698 0.9935385986286597 1.1991391893584644
25 175 -0.37854417825607756 -0.2896529616443152 0.12250861666535229 0.17100459282347916 0.7699771306794624 0.9913528036243588 1.193463378984352
26 182 -0.15162733049921123 -0.1355636154670492 0.20913943123769732 0.3079767317737841 0.7699771306794624 0.9913528036243588 1.193463378984352
27 189 -0.08103637129502334 -0.07437342074309428 0.2190834030720388 0.3102393937918208 0.7699771306794624 0.9913528036243588 1.193463378984352
28 196 -0.12977720036118104 -0.1206615714502413 0.15201585554376518 0.23379270229749421 0.8732730681111895 0.9612026535617798 1.1460731247601361
29 203 -0.22928305304052002 -0.22864587656870614 0.0623377665174421 0.15869513774101096 0.8732730681111895 0.9612026535617798 1.1460731247601361
30 210 -0.20952688608371337 -0.20115269237837596 0.06832367781020882 0.14977494083439968 0.8732730681111895 0.9612026535617798 1.1460731247601361
31 217 0.013963574955397231 0.040640372450751736 0.12918113780580665 0.1320179287621371 0.9099207939376799 0.9930223143079551 1.0890136969048165
32 224 0.020470383204306896 0.022310225265082334 0.14871011763344036 0.18900357302878426 0.9099207939376799 0.9930223143079551 1.0890136969048165
33 231 -0.17195157204547032 -0.16251291762525644 0.0935172331341529 0.16942196230040876 0.9099207939376799 0.9930223143079551 1.0890136969048165
34 238 -0.3499367165880524 -0.30539024068112025 0.022629730107417326 0.08742324446333105 0.7992127806897462 0.9655064456845825 1.195431401011237
35 245 -0.32634521303210334 -0.31538730466356774 0.00687682852721018 0.1033402978889339 0.7992127806897462 0.9655064456845825 1.195431401011237
36 252 -0.5414842801777926 -0.5118370403741523 -0.017439239093528167 0.11771278819637296 0.7992127806897462 0.9655064456845825 1.195431401011237
37 259 -0.5020567158868762 -0.4870820486597754 -0.021504804428277333 0.11871294308845452 0.6221610852953059 0.9393092098554646 1.3155279518979706
38 266 -0.45848195625047206 -0.4514837427187366 0.049444989539494305 0.2094230200938358 0.6221610852953059 0.9393092098554646 1.3155279518979706
39 273 -0.5060357613245877 -0.49288615388870655 0.003501928704464183 0.15581501546630655 0.6221610852953059 0.9393092098554646 1.3155279518979706
40 280 -0.463213777086196 -0.4413953872302483 -0.012191901590355547 0.10905753710032762 0.6737104540535871 0.9452182372969843 1.285564742819315
41 287 -0.5373631424018643 -0.5124596688230015 0.09808367367747726 0.27669464759877405 0.6737104540535871 0.9452182372969843 1.285564742819315
42 294 -0.6220849198873876 -0.6160523110098393 0.11149348622053878 0.34797614308644986 0.6737104540535871 0.9452182372969843 1.285564742819315
43 301 -0.6917559738528548 -0.6671484240671532 0.16367684257041765 0.41601104833057306 0.5161908191718698 0.7695057217656505 1.4633550431705218
44 308 -0.6111269830136474 -0.5572751236952602 0.07093875485525439 0.22649152172037207 0.5161908191718698 0.7695057217656505 1.4633550431705218
45 315 -0.5900422578194584 -0.530173013475303 0.18283218478067131 0.3606313398551739 0.5161908191718698 0.7695057217656505 1.4633550431705218
46 322 -0.5281520895074169 -0.49519218828667266 0.02615589450655678 0.16697868755022238 0.6424600281674756 0.9168315465456861 1.3216145532891552
47 329 -0.49248336641748497 -0.44093062717207754 -0.05510351275541747 0.02195278613806182 0.6424600281674756 0.9168315465456861 1.3216145532891552
48 336 -0.5305559526253542 -0.4906081591675786 0.0579689358705755 0.20088017409218467 0.6424600281674756 0.9168315465456861 1.3216145532891552
49 343 -0.5830524767208338 -0.536476872350177 0.11322362541586824 0.2832148536338932 0.6332242032557233 0.8626320727619515 1.3619445713587515
50 350 -0.5165241105442834 -0.5038146967812235 0.08553645190317194 0.2692774210349106 0.6332242032557233 0.8626320727619515 1.3619445713587515
51 357 -0.6094486543253538 -0.5825886673804614 0.23743970648882928 0.48392251083370047 0.6332242032557233 0.8626320727619515 1.3619445713587515
52 364 -0.6451357011394865 -0.6253517398419195 0.3139506126882261 0.6072674355673744 0.5897972234708354 0.6627949309691423 1.487562474206614
53 371 -0.6341899843202408 -0.6241093673072287 0.3045514749896419 0.6040244720755866 0.5897972234708354 0.6627949309691423 1.487562474206614
54 378 -0.6343556664138036 -0.6219802241643386 0.34208433819135764 0.651063750060458 0.5897972234708354 0.6627949309691423 1.487562474206614
55 385 -0.548561618266361 -0.524937064753819 0.24845923143996063 0.48263344332534514 0.669895161950071 0.7483237283580721 1.4111173124769476
56 392 -0.5896489839846265 -0.5539542467234393 0.3159593843924464 0.5702358575032211 0.669895161950071 0.7483237283580721 1.4111173124769476
57 399 -0.4751022919988876 -0.44909939308516955 0.295398635272647 0.5175617458115345 0.669895161950071 0.7483237283580721 1.4111173124769476
58 406 -0.4721767614994037 -0.42751028770391575 0.337645953687719 0.5480315603561093 0.6362772631726121 0.843353039754491 1.37255487857733
59 413 -0.4087222438901475 -0.3934701260446601 0.3987337361543653 0.6475495723752197 0.6362772631726121 0.843353039754491 1.37255487857733
60 420 -0.49966466730241454 -0.46088825701313313 0.38799507635569047 0.6321797771893503 0.6362772631726121 0.843353039754491 1.37255487857733
61 427 -0.4059881668705732 -0.3920370449474812 0.38479540594672623 0.6297884343217034 0.6053006131938866 0.8354297128129786 1.39128299156438
62 434 -0.31780565857542736 -0.2920850230928021 0.4283408749448878 0.6427622054748259 0.6053006131938866 0.8354297128129786 1.39128299156438
63 441 -0.21288609433961617 -0.20932247142560648 0.4330659137383556 0.6436317525456666 0.6053006131938866 0.8354297128129786 1.39128299156438
64 448 -0.44000302778163924 -0.4072465441907743 0.3145836221177865 0.5224371939631084 0.6693674579025612 0.8357371842342048 1.3614296034644418
65 455 -0.5433703416223938 -0.4660862858198932 0.21395963564147588 0.36335755365943156 0.6693674579025612 0.8357371842342048 1.3614296034644418
66 462 -0.5849545131860345 -0.4712330000786529 0.19432422936160906 0.302455126067648 0.6693674579025612 0.8357371842342048 1.3614296034644418
67 469 -0.611273129371809 -0.5020195933876062 0.15320139875550476 0.26235486015233883 0.6177000149490263 0.9369916096224217 1.3192776110543063
68 476 -0.5932198530546698 -0.5115976214088992 0.09683976479577813 0.2180299952182333 0.6177000149490263 0.9369916096224217 1.3192776110543063
69 483 -0.6003012436905307 -0.5025381638481943 0.027758147549552817 0.10676050483979879 0.6177000149490263 0.9369916096224217 1.3192776110543063
70 490 -0.7238661995539742 -0.5611474048284586 0.08896532121945964 0.14295076850991673 0.5222002243403719 0.9861461541104145 1.3246972063200346
71 497 -0.757716251103493 -0.5766389134804472 0.01241828215699363 0.02769334307976129 0.5222002243403719 0.9861461541104145 1.3246972063200346
72 504 -0.7460176101541712 -0.5609206980438273 0.05788782592764289 0.07906042180778902 0.5222002243403719 0.9861461541104145 1.3246972063200346
73 511 -0.7434298132035184 -0.5379214000556398 0.09017425802742757 0.09403106424057145 0.48686465542110513 1.0096389327171242 1.320451450392446
74 518 -0.7748779202290219 -0.5622880323209286 0.13036171680207861 0.14865507860165447 0.48686465542110513 1.0096389327171242 1.320451450392446
75 525 -0.8051278004193528 -0.6001578391642046 0.18314351947066215 0.23927401109380284 0.48686465542110513 1.0096389327171242 1.320451450392446
76 532 -0.7557619430720265 -0.5737016129506314 0.2009720584582791 0.2771362854731875 0.4512138823198369 0.9910705993353648 1.3469168866470205
77 539 -0.5814818853675341 -0.4300591005202159 0.31853790522986636 0.41664745563257555 0.4512138823198369 0.9910705993353648 1.3469168866470205
78 546 -0.5520249220532701 -0.4184822768368035 0.39200319016085516 0.5286223672769413 0.4512138823198369 0.9910705993353648 1.3469168866470205
79 553 -0.6571959659894154 -0.5639721291189774 0.35051582455259717 0.562121305572684 0.512358884146622 0.8485608845903964 1.4203636150574939
80 560 -0.7018491467691768 -0.611984416321339 0.3782265816284079 0.6184321838304858 0.512358884146622 0.8485608845903964 1.4203636150574939
81 567 -0.7258423461759619 -0.6452980002905464 0.43676556429366725 0.7169090732696564 0.512358884146622 0.8485608845903964 1.4203636150574939
82 574 -0.8696634518149932 -0.8249004397417514 0.45041402174866024 0.8307558301722224 0.30348463522643115 0.5581150315937884 1.6113363049626062
83 581 -0.852715399869102 -0.7889161618173052 0.4059043435084222 0.7403786072318678 0.30348463522643115 0.5581150315937884 1.6113363049626062
84 588 -0.8371573316696848 -0.7895244520234654 0.4132394227399477 0.7665278346815327 0.30348463522643115 0.5581150315937884 1.6113363049626062
85 595 -0.8024807998352659 -0.7566864645800473 0.43669636722504523 0.7886963092381908 0.3774053376307854 0.617197037481895 1.5737321970562104
86 602 -0.7329616534676987 -0.7096073734404562 0.4364596871256352 0.7951277606204232 0.3774053376307854 0.617197037481895 1.5737321970562104
87 609 -0.7873995077496025 -0.745692520975774 0.42033849023763614 0.767308507201611 0.3774053376307854 0.617197037481895 1.5737321970562104
88 616 -0.7573842012051443 -0.7174572233380573 0.4048666205388364 0.7390475906307139 0.44585474086402305 0.6346797180111159 1.5486753067038959
89 623 -0.8262733417483059 -0.801392492576107 0.4248278187417108 0.8086870733421179 0.44585474086402305 0.6346797180111159 1.5486753067038959
90 630 -0.7295455864841013 -0.722133081402015 0.4059433095733312 0.7745562681496936 0.44585474086402305 0.6346797180111159 1.5486753067038959
91 637 -0.7880433845270448 -0.7573589014989102 0.43566345097246617 0.8026530854347903 0.3991372539473154 0.5788501644778261 1.5829156451293889
92 644 -0.6609923579010248 -0.6538699051081632 0.34625814951368555 0.6725117149281069 0.3991372539473154 0.5788501644778261 1.5829156451293889
93 651 -0.6107887959138009 -0.6073382781074059 0.2716938758415923 0.5612540760181968 0.3991372539473154 0.5788501644778261 1.5829156451293889
94 658 -0.5784259677354607 -0.5731841644126411 0.1965101784302398 0.44783315605504714 0.623891546066961 0.7436191417667886 1.4344998817511982
95 665 -0.48120419205250786 -0.4764869765869611 0.10065563933560011 0.28831929584424043 0.623891546066961 0.7436191417667886 1.4344998817511982
96 672 -0.509878053412698 -0.4595418239349075 0.05116495096566989 0.17106431312140521 0.623891546066961 0.7436191417667886 1.4344998817511982
97 679 -0.5158554587335885 -0.479520913680925 -0.015565565473536283 0.10275167220959641 0.6408438321503891 0.9502108977032513 1.2986217434960752
98 686 -0.5373127019066574 -0.5211094372555772 -0.044775380428076786 0.09779937386334324 0.6408438321503891 0.9502108977032513 1.2986217434960752
99 693 -0.5774369746965056 -0.5742512034364516 -0.06615943931675473 0.10001871079642367 0.6408438321503891 0.9502108977032513 1.2986217434960752
100 700 -0.5336607986204945 -0.5252233597648893 0.007513126209502771 0.17665451601202822 0.592863691422752 0.9076184915887245 1.3508298623878574
101 707 -0.6563753909665129 -0.6216095634544373 0.08567810704223688 0.286674836362386 0.592863691422752 0.9076184915887245 1.3508298623878574
102 714 -0.6211287272270278 -0.5482130779308346 0.039389441319888974 0.1623412984406036 0.592863691422752 0.9076184915887245 1.3508298623878574
103 721 -0.5808852369035986 -0.5077289022684585 -0.020361404855341818 0.06893809298055695 0.6139432628757445 0.9722802313970745 1.2952778935826612
104 728 -0.5923689001065274 -0.5066169437700004 0.07065434833251283 0.17732615603015695 0.6139432628757445 0.9722802313970745 1.2952778935826612
105 735 -0.5418679528313086 -0.4290594505517993 0.010321602386331702 0.04397345108619932 0.6139432628757445 0.9722802313970745 1.2952778935826612
106 742 -0.5051309116732265 -0.45251449914293645 -0.027347566080739738 0.06175833240970243 0.6637732277057126 0.9728249035598231 1.2700459870394307
107 749 -0.5363623861202768 -0.46530366103559895 -0.029819183664605765 0.04428358370771413 0.6637732277057126 0.9728249035598231 1.2700459870394307
108 756 -0.5004669438696526 -0.496267295715631 0.012987896539604901 0.17853997913732852 0.6637732277057126 0.9728249035598231 1.2700459870394307
109 763 -0.5661257222949998 -0.5574282568563097 0.018878120704812373 0.2022827811198296 0.5637759258601505 0.8934130643267882 1.3725777944840678
110 770 -0.6062533706529752 -0.556337576227723 0.06475301328382843 0.22186741536242657 0.5637759258601505 0.8934130643267882 1.3725777944840678
111 777 -0.6531706212772777 -0.5801380183167223 -0.022640215963892138 0.09015978185982916 0.5637759258601505 0.8934130643267882 1.3725777944840678
112 784 -0.6025639929638359 -0.5460948652485712 -0.04161870235314176 0.0700708908967367 0.5652003791633433 0.9680536436525555 1.3203865624901767
113 791 -0.6028750162231461 -0.5341212201726433 -0.11319036246145878 -0.041633872608233494 0.5652003791633433 0.9680536436525555 1.3203865624901767
114 798 -0.6161762202261214 -0.5372087519105023 -0.048060250820528255 0.036021781227177405 0.5652003791633433 0.9680536436525555 1.3203865624901767
115 805 -0.5471115708808908 -0.5068974311008567 -0.022709517388711797 0.0984723140686358 0.6116550180697026 0.9525972783609558 1.3108915150116165
116 812 -0.5146194490807013 -0.4884418728341001 0.024317353705973155 0.16905951963939633 0.6116550180697026 0.9525972783609558 1.3108915150116165
117 819 -0.6139454384073754 -0.5605770005090697 0.11317688156899426 0.2843930710300433 0.6116550180697026 0.9525972783609558 1.3108915150116165
118 826 -0.6026476109770674 -0.5761839490633298 0.1603526639853709 0.3794012064212002 0.6125902735218636 0.7957632661733577 1.4112030261431265
119 833 -0.48773062690975677 -0.46752893152490044 0.030889654394182342 0.17682748764902026 0.6125902735218636 0.7957632661733577 1.4112030261431265
120 840 -0.5790455224489733 -0.49698339423478355 -0.10842045411779194 -0.06096160229298459 0.6125902735218636 0.7957632661733577 1.4112030261431265
121 847 -0.6305299716261256 -0.5352249525024734 -0.0293972730141773 0.04390693435826922 0.5796777086557877 0.9849061665434686 1.3015120426612365
122 854 -0.5554243486021447 -0.47444521627302144 0.014448082330537161 0.09643338286926678 0.5796777086557877 0.9849061665434686 1.3015120426612365
123 861 -0.7046959022314373 -0.5411135641709309 0.02827328166833058 0.05448655888757796 0.5796777086557877 0.9849061665434686 1.3015120426612365
124 868 -0.7114856557059603 -0.5586525187521754 0.025213764287034236 0.06700272167965242 0.5364066789016186 0.9907828663708054 1.3155292419919014
125 875 -0.6774881352191071 -0.5283350344502856 0.06493200815556757 0.11353458825536394 0.5364066789016186 0.9907828663708054 1.3155292419919014
126 882 -0.7465785483810383 -0.5749029645579012 -0.04023502731663375 -0.033687965392681714 0.5364066789016186 0.9907828663708054 1.3155292419919014
127 889 -0.7712133754377937 -0.6303940989441963 0.0617478223731453 0.15164251965199507 0.47604685696163135 0.9621867357583397 1.3592557064466064
128 896 -0.7378422363550663 -0.6254431396492778 -0.01704563853485662 0.07335443179749528 0.47604685696163135 0.9621867357583397 1.3592557064466064
129 903 -0.6998766443027158 -0.5908443787170915 0.2107680682465887 0.36893995164885773 0.47604685696163135 0.9621867357583397 1.3592557064466064
130 910 -0.7338457880508258 -0.612709489217027 0.17188184137027052 0.312275986065571 0.5128407261087349 0.9106119811391716 1.3812241706001456
131 917 -0.6945818071372102 -0.6356910514949811 0.23039983811760945 0.4602060456795772 0.5128407261087349 0.9106119811391716 1.3812241706001456
132 924 -0.6990382811009245 -0.6598190854971615 0.3273340630264622 0.6171659169305738 0.5128407261087349 0.9106119811391716 1.3812241706001456
133 931 -0.7148308643430126 -0.6662977150413111 0.3394979083332679 0.6262299668230926 0.5151164384089786 0.7000888688760644 1.4981757675775838
134 938 -0.8000118634217659 -0.7543108703432657 0.3762729815495687 0.7074332724353465 0.5151164384089786 0.7000888688760644 1.4981757675775838
135 945 -0.7855825227102046 -0.7457637648397928 0.370120287061654 0.7022628798250579 0.5151164384089786 0.7000888688760644 1.4981757675775838
136 952 -0.8120190069861403 -0.7731311558366954 0.34366319634733844 0.6770401292592383 0.43264798298544144 0.6165627897333293 1.5597006280484995
137 959 -0.7191830140964982 -0.6535505420293111 0.2887224501058185 0.5371809754170078 0.43264798298544144 0.6165627897333293 1.5597006280484995
138 966 -0.7827801429463596 -0.743829121631908 0.305528607130925 0.6163634954040844 0.43264798298544144 0.6165627897333293 1.5597006280484995
139 973 -0.7892610957743937 -0.7590454912482687 0.30229100811672704 0.6258542367122673 0.45530344629118624 0.6334897330845336 1.5464118241502989
140 980 -0.792128191806805 -0.7601537333999371 0.26710567890273446 0.5775510245967569 0.45530344629118624 0.6334897330845336 1.5464118241502989
141 987 -0.8387732298945106 -0.8266245832697292 0.25541432599271724 0.6039453157887512 0.45530344629118624 0.6334897330845336 1.5464118241502989
142 994 -0.8958678234242172 -0.8822952657850844 0.2962322273152088 0.6755021673761739 0.24511685511860007 0.5725289146708333 1.6162080216366348
143 1001 -0.926716688963377 -0.9014107736664994 0.3067307270606944 0.6841386453395479 0.24511685511860007 0.5725289146708333 1.6162080216366348
144 1008 -0.8728814136141171 -0.8614577903965945 0.324198777897785 0.707994010778389 0.24511685511860007 0.5725289146708333 1.6162080216366348
145 1015 -0.8764845508150765 -0.8607321525426065 0.33476476087105034 0.717511333736466 0.32235876161428273 0.5379146129008288 1.6145379209043862
146 1022 -0.8740606928445601 -0.8706799732128879 0.3837219336332037 0.7984751829502288 0.32235876161428273 0.5379146129008288 1.6145379209043862
147 1029 -0.879506939163122 -0.8765299627727448 0.3774514396963074 0.7924682641289476 0.32235876161428273 0.5379146129008288 1.6145379209043862
148 1036 -0.8833980022937574 -0.8769274405530474 0.36830767141162407 0.7769154803258045 0.3096702931717885 0.47407851080555385 1.636873200684551
149 1043 -0.8687278579059479 -0.8302000091355723 0.21449422950209515 0.5241977936109422 0.3096702931717885 0.47407851080555385 1.636873200684551
150 1050 -0.8731102205308723 -0.8382461278845542 0.24427678563730051 0.5702536641649341 0.3096702931717885 0.47407851080555385 1.636873200684551
151 1057 -0.8494828585550992 -0.8416341490201042 0.319315197995688 0.6984496041326238 0.34311060125554793 0.5506311816682241 1.605951561249813
152 1064 -0.8570742048825938 -0.8498266275348536 0.30066939474775084 0.6769204914942121 0.34311060125554793 0.5506311816682241 1.605951561249813
153 1071 -0.8435642693951055 -0.8353957298255764 0.26886569932275917 0.6287843028026753 0.34311060125554793 0.5506311816682241 1.605951561249813
154 1078 -0.8804580975128218 -0.879805227819497 0.3011193699540378 0.6941080328518912 0.23707968415102304 0.5530823599818409 1.6241592060016063
155 1085 -0.9251506833321854 -0.9157278627816171 0.32956376470756465 0.7352381533200569 0.23707968415102304 0.5530823599818409 1.6241592060016063
156 1092 -0.9148347580644263 -0.9123565671682303 0.3179512490161953 0.725575663514808 0.23707968415102304 0.5530823599818409 1.6241592060016063
157 1099 -0.9045226133425669 -0.9043757449956162 0.28859093829626736 0.6860996310466113 0.13806501231297597 0.560268426961802 1.6331066536282208
158 1106 -0.9081002050334883 -0.8942223776572613 0.23121847708555335 0.5924876012902645 0.13806501231297597 0.560268426961802 1.6331066536282208
159 1113 -0.9377750236830653 -0.9180033350849184 0.27490442891649486 0.6527686616521523 0.13806501231297597 0.560268426961802 1.6331066536282208
160 1120 -0.9617293023111968 -0.9429862506349782 0.33327277652898196 0.7399494005740834 0.06735700081686914 0.5163758131739316 1.6519137550156537
161 1127 -0.9558325421397059 -0.9358525664347503 0.32183970134545836 0.721090481567239 0.06735700081686914 0.5163758131739316 1.6519137550156537
162 1134 -0.9479354170153873 -0.9256000409899878 0.2916509765016214 0.6750659396400917 0.06735700081686914 0.5163758131739316 1.6519137550156537
163 1141 -0.9559080968068134 -0.9326614624419258 0.3045837038347015 0.6937521248953563 0.07568528669396739 0.5609439257873651 1.6369525495567394
164 1148 -0.9590689175176196 -0.9321323762455891 0.3008925643588995 0.6849643366216985 0.07568528669396739 0.5609439257873651 1.6369525495567394
165 1155 -0.9654850685557375 -0.94218690357341 0.33242928211651346 0.734003179030827 0.07568528669396739 0.5609439257873651 1.6369525495567394
166 1162 -0.9638122274346004 -0.938835676224391 0.3237307717858634 0.7196097032457389 0.0816833922884045 0.5396535664432517 1.6438071211822078
167 1169 -0.9618014067341758 -0.9372115517942955 0.3215614277643378 0.7165625660106686 0.0816833922884045 0.5396535664432517 1.6438071211822078
168 1176 -0.9505900382007804 -0.9183095578400031 0.264335793404962 0.6262704301258398 0.0816833922884045 0.5396535664432517 1.6438071211822078
169 1183 -0.9467626151154164 -0.9182774488333767 0.2611344206622956 0.6257865442121467 0.07260567669739605 0.6197254110994959 1.6157564267391527
170 1190 -0.9551455198193789 -0.9380669312227751 0.32125566940713013 0.7239512810204947 0.07260567669739605 0.6197254110994959 1.6157564267391527
171 1197 -0.948994350851652 -0.932030552123088 0.3072104440455862 0.703326977373247 0.07260567669739605 0.6197254110994959 1.6157564267391527
172 1204 -0.9573987637561214 -0.9379774007441979 0.3199670247343511 0.7198604702152772 0.07068137154020857 0.535389596261895 1.6457102186994288
173 1211 -0.9522204618346707 -0.9387802711611616 0.33068555421964896 0.7404006386730767 0.07068137154020857 0.535389596261895 1.6457102186994288
174 1218 -0.9411598420930584 -0.9272172630788978 0.30877767038293746 0.7068334025227221 0.07068137154020857 0.535389596261895 1.6457102186994288
175 1225 -0.9591849194276674 -0.930215623027005 0.31060251141725626 0.6952392598313476 0.10946153184994166 0.564130134832811 1.6339447248969527
176 1232 -0.952084743506232 -0.9129995057540793 0.29407868764911527 0.6573528476980274 0.10946153184994166 0.564130134832811 1.6339447248969527
177 1239 -0.9507807470028028 -0.9078196524723456 0.27759528898893954 0.6297725082789108 0.10946153184994166 0.564130134832811 1.6339447248969527
178 1246 -0.9474142872162191 -0.8939269225609767 0.24390999624200188 0.5697016045210858 0.16525005457158773 0.6792600833906729 1.584707594029947
179 1253 -0.9582761109740245 -0.9213950110159537 0.30362182304771335 0.6750796677775314 0.16525005457158773 0.6792600833906729 1.584707594029947
180 1260 -0.9599483361020127 -0.9260418305484679 0.30990634543184464 0.6879825652050708 0.16525005457158773 0.6792600833906729 1.584707594029947
181 1267 -0.9753615894268662 -0.9494139324903643 0.37478066907322366 0.7902312126579176 0.11386795091067939 0.4761597051275091 1.6614168727228835
182 1274 -0.970352051105002 -0.9499685934586766 0.3793718625099712 0.8021018901865283 0.11386795091067939 0.4761597051275091 1.6614168727228835
183 1281 -0.9694960331662185 -0.9546831054559213 0.39080183803635776 0.8244838914901537 0.11386795091067939 0.4761597051275091 1.6614168727228835
184 1288 -0.9670971249474495 -0.9498484718040583 0.366422929169533 0.7879314096840057 0.09951862123653467 0.46831560540922507 1.6645649695212772
185 1295 -0.9740508281822114 -0.9603423488869709 0.39351584622214664 0.8310934319632786 0.09951862123653467 0.46831560540922507 1.6645649695212772
186 1302 -0.9751047719423251 -0.9663431864167267 0.4121148793914832 0.8628393158019546 0.09951862123653467 0.46831560540922507 1.6645649695212772
187 1309 -0.9832497445713622 -0.97619724578165 0.43351666893899454 0.8963688083894973 0.05983861604078951 0.3258677208297094 1.700067518821407
188 1316 -0.9841828621097546 -0.975961388004875 0.43365237633124204 0.8953021570050681 0.05983861604078951 0.3258677208297094 1.700067518821407
189 1323 -0.9871589400299623 -0.9791366656517294 0.4423712374233578 0.9081849307368206 0.05983861604078951 0.3258677208297094 1.700067518821407
190 1330 -0.9879974396788032 -0.9785532318850285 0.4389572101134445 0.9020164829858276 0.05686182093549536 0.3206908674890078 1.7011537557872445
191 1337 -0.9869982960551987 -0.9732539488440581 0.4212370446372777 0.8723230285865824 0.05686182093549536 0.3206908674890078 1.7011537557872445
192 1344 -0.9884539284767938 -0.9790965587223983 0.4379850779463832 0.9009882537482482 0.05686182093549536 0.3206908674890078 1.7011537557872445
193 1351 -0.990318805840683 -0.9827260563753883 0.44990969112221996 0.9198621908227946 0.04802674998946313 0.28980179664284095 1.7069588014794121
194 1358 -0.9892359046737011 -0.981788549976787 0.4480307802323934 0.9171898689385394 0.04802674998946313 0.28980179664284095 1.7069588014794121
195 1365 -0.9913243345274456 -0.9876479992997513 0.4661722063810829 0.9471026063803334 0.04802674998946313 0.28980179664284095 1.7069588014794121
196 1372 -0.9929273335060181 -0.989973528661781 0.4724276175205363 0.9569408614037382 0.04202862793170632 0.2101677715028014 1.7187388115288853
197 1379 -0.9927686432498912 -0.9905439060425751 0.4748791252602421 0.9611287318205318 0.04202862793170632 0.2101677715028014 1.7187388115288853
198 1386 -0.9923576061543268 -0.9900104536923043 0.4726152354991504 0.9578099794342796 0.04202862793170632 0.2101677715028014 1.7187388115288853
199 1393 -0.9895989779455808 -0.9875199014616229 0.4660512161725571 0.9484958455666594 0.041015575977599694 0.22794513563715071 1.7164960639822593
200 1400 -0.9830231202938586 -0.9789873673161613 0.4411725631119259 0.9105234536102577 0.041015575977599694 0.22794513563715071 1.7164960639822593
201 1407 -0.9762393206721203 -0.9693829804732204 0.4127823445559159 0.8666477793667281 0.041015575977599694 0.22794513563715071 1.7164960639822593
202 1414 -0.9718455713471833 -0.9678063745231225 0.41300528001453424 0.8692366347030257 0.05796973355689785 0.36251164005717507 1.6926974983187044
203 1421 -0.9822179962953332 -0.9782048713202829 0.4410567754881293 0.9101308661158829 0.05796973355689785 0.36251164005717507 1.6926974983187044
204 1428 -0.9846198979707641 -0.9785587853566736 0.44127998953300585 0.9084984685488084 0.05796973355689785 0.36251164005717507 1.6926974983187044
205 1435 -0.9802300492241612 -0.9735933274766705 0.42901761959508744 0.8899178802048494 0.06866461925476872 0.33500536252874275 1.697956588708788
206 1442 -0.9815125525738814 -0.9777380419618655 0.4421317322254947 0.9116471463425989 0.06866461925476872 0.33500536252874275 1.697956588708788
207 1449 -0.9842298739226546 -0.9800687540578279 0.4484901945855014 0.9205153909351178 0.06866461925476872 0.33500536252874275 1.697956588708788
208 1456 -0.987020574903053 -0.9824541295407921 0.45167433375558064 0.9251507094921108 0.05287874450615514 0.2763232073593102 1.7090492454736688
209 1463 -0.9886663986936397 -0.9844675550275497 0.4575164739869838 0.9339789733257383 0.05287874450615514 0.2763232073593102 1.7090492454736688
210 1470 -0.9877029534503226 -0.9825186252318051 0.45105720279360595 0.9237314839168923 0.05287874450615514 0.2763232073593102 1.7090492454736688
211 1477 -0.9872869868087537 -0.9815923292678644 0.4491913920312194 0.9204246415900248 0.056048468805238824 0.2859701539719309 1.707360430659519
212 1484 -0.9911651375075949 -0.9862974849596905 0.4620614875686001 0.9399801591967926 0.056048468805238824 0.2859701539719309 1.707360430659519
213 1491 -0.9909928505247301 -0.9873756673883858 0.4664728269587871 0.9474718086048338 0.056048468805238824 0.2859701539719309 1.707360430659519
214 1498 -0.9920555123409802 -0.9890420889666498 0.47161701540286644 0.9554899601517081 0.05073805587515569 0.21365558603126586 1.7180736131620338
215 1505 -0.9937529564883707 -0.991234681904502 0.4773837234338919 0.9644049172961546 0.05073805587515569 0.21365558603126586 1.7180736131620338
216 1512 -0.9936361038332785 -0.9914537130984209 0.4776034323162503 0.9651067567196163 0.05073805587515569 0.21365558603126586 1.7180736131620338
217 1519 -0.9959077793538789 -0.994451441205394 0.4852205997829049 0.9769882752971863 0.03368820386281869 0.15337874897739917 1.724917407959762
218 1526 -0.9963919971158186 -0.9944315449395926 0.48424681264251745 0.9751791463269948 0.03368820386281869 0.15337874897739917 1.724917407959762
219 1533 -0.9969507236866607 -0.9950462823916644 0.48570664544321746 0.977386513426515 0.03368820386281869 0.15337874897739917 1.724917407959762
220 1540 -0.997668313708204 -0.9961812563822484 0.48885563488324124 0.9823808746457822 0.02242392897189245 0.13529355156025416 1.726613107304493
221 1547 -0.9979744007069149 -0.9963580373076878 0.4891149619755998 0.9826562650041353 0.02242392897189245 0.13529355156025416 1.726613107304493
222 1554 -0.997518414062139 -0.9958918679594235 0.48757155845212524 0.9804328211532594 0.02242392897189245 0.13529355156025416 1.726613107304493
223 1561 -0.9981036653491737 -0.9969654825659161 0.4907498517995984 0.9855167804715121 0.015614460160654722 0.12233635418435194 1.7276544808146017
224 1568 -0.9979748108595792 -0.99671591167099 0.49003303020752587 0.9843571116451086 0.015614460160654722 0.12233635418435194 1.7276544808146017
225 1575 -0.9977776420235966 -0.9962860137998139 0.4886786637747209 0.9821752614091164 0.015614460160654722 0.12233635418435194 1.7276544808146017
226 1582 -0.997245559106287 -0.995086411361736 0.4850476712910964 0.9762665510974895 0.020857577483698896 0.1574566139669612 1.7247528449547693
227 1589 -0.9972525732713885 -0.9943045045143049 0.48229399934070105 0.9715454318686194 0.020857577483698896 0.1574566139669612 1.7247528449547693
228 1596 -0.9979284042422254 -0.9952272523554002 0.48539807405176166 0.9762386976339903 0.020857577483698896 0.1574566139669612 1.7247528449547693
229 1603 -0.9974841784737861 -0.9949926537413466 0.48441986220173194 0.9750658427836519 0.018001367455486805 0.16207660684570105 1.7243570176396525
230 1610 -0.9965917789551473 -0.9938182880072605 0.48059081035636286 0.9692870188630172 0.018001367455486805 0.16207660684570105 1.7243570176396525
231 1617 -0.9961697628766746 -0.9939650616036392 0.4813081510827173 0.9708611873718008 0.018001367455486805 0.16207660684570105 1.7243570176396525
232 1624 -0.9960081474427273 -0.9935944267423673 0.47995017049094707 0.9687179822016919 0.01720555103281953 0.17965121260302863 1.7226228289512238
233 1631 -0.9936206162737908 -0.9902668626484965 0.46955049764081347 0.9528025307786225 0.01720555103281953 0.17965121260302863 1.7226228289512238
234 1638 -0.9951447749781328 -0.9924337128905429 0.4762568337791893 0.9631092872481768 0.01720555103281953 0.17965121260302863 1.7226228289512238
235 1645 -0.9960599756548904 -0.9942997587940667 0.4822803909697604 0.9727135573635458 0.014651025903071747 0.16700705262262217 1.72391820914285
236 1652 -0.9964113611334019 -0.9947772192971029 0.4837285173945815 0.9749296211221775 0.014651025903071747 0.16700705262262217 1.72391820914285
237 1659 -0.99704490007858 -0.9954025850309292 0.48599037368990267 0.9781457115491958 0.014651025903071747 0.16700705262262217 1.72391820914285
238 1666 -0.997353619654992 -0.9956945912530536 0.48683400719092684 0.9793511782703153 0.01825570933967836 0.14617318605928414 1.7257752254432739
239 1673 -0.9981996395454488 -0.9969470601529693 0.4906669022671385 0.9852856436813616 0.01825570933967836 0.14617318605928414 1.7257752254432739
240 1680 -0.9980750349919082 -0.9967439499369939 0.4900335770117006 0.9842950009396844 0.01825570933967836 0.14617318605928414 1.7257752254432739
241 1687 -0.9981016782232002 -0.9967998838409711 0.4900715320218894 0.9843935429272805 0.01434353602771358 0.12724149515412878 1.7273111662017249
242 1694 -0.997978571065159 -0.9965532620389602 0.4892422402073374 0.9830820985965713 0.01434353602771358 0.12724149515412878 1.7273111662017249
243 1701 -0.9978014074210442 -0.9963892724024678 0.4886298983152261 0.982224153535881 0.01434353602771358 0.12724149515412878 1.7273111662017249
244 1708 -0.9978641600611019 -0.9965815070163221 0.4891913891413603 0.9831663681491413 0.011060536641809362 0.13174150181886007 1.7269979273953124
245 1715 -0.9976850296060076 -0.9963436536155251 0.4884423366781302 0.9820296241188662 0.011060536641809362 0.13174150181886007 1.7269979273953124
246 1722 -0.9982779973904905 -0.9970484644539256 0.49055685158819007 0.9851957573323303 0.011060536641809362 0.13174150181886007 1.7269979273953124
247 1729 -0.9991317999376503 -0.9985353710845073 0.49531944156002633 0.9926746169217279 0.006630491780034097 0.08709377430057916 1.7298470195531266
248 1736 -0.9992523627320425 -0.9988039352143674 0.49619288719197574 0.9940767338097483 0.006630491780034097 0.08709377430057916 1.7298470195531266
249 1743 -0.9991318786971386 -0.9986228212290367 0.4956053387549916 0.993172334614899 0.006630491780034097 0.08709377430057916 1.7298470195531266
250 1750 -0.9984464869202729 -0.9977421129350397 0.49286491655834275 0.989029552404237 0.006804084649055652 0.10588580101334986 1.7287978197510112
251 1757 -0.9983166211913792 -0.9976356066655563 0.4925555720497099 0.9886049504289757 0.006804084649055652 0.10588580101334986 1.7287978197510112
252 1764 -0.9980729775814641 -0.9972570183118403 0.49130985152981665 0.9866828488740786 0.006804084649055652 0.10588580101334986 1.7287978197510112
253 1771 -0.9976493706436941 -0.9967202115357169 0.48966513495119035 0.9841977580055156 0.006562893143694986 0.12685777844461804 1.7273864745567742
254 1778 -0.9979865488598493 -0.9972264401335144 0.49125175648673647 0.9866510466338185 0.006562893143694986 0.12685777844461804 1.7273864745567742
255 1785 -0.9989144129439329 -0.9985459954502687 0.4954382595096484 0.99306459366929 0.006562893143694986 0.12685777844461804 1.7273864745567742
256 1792 -0.9990200954133219 -0.9986846416169755 0.49587069176373155 0.9937203490942874 0.0032617188533800075 0.07984476695967399 1.7302063964681431
257 1799 -0.9989700395777437 -0.9985764883635277 0.49550237457967045 0.9931351110131872 0.0032617188533800075 0.07984476695967399 1.7302063964681431
258 1806 -0.999169341037706 -0.9988313073901044 0.49629267766533747 0.994329305702883 0.0032617188533800075 0.07984476695967399 1.7302063964681431
259 1813 -0.9992005360168759 -0.9989084545233835 0.496556417314888 0.9947526264341527 0.002799682180580616 0.07303466797359776 1.7305080465151483
260 1820 -0.9990404606427303 -0.9986783533115342 0.49584720985092984 0.993660290240555 0.002799682180580616 0.07303466797359776 1.7305080465151483
261 1827 -0.9991868863157201 -0.9988625018119572 0.4964140136739644 0.9945151343321755 0.002799682180580616 0.07303466797359776 1.7305080465151483
262 1834 -0.9989295196162583 -0.9985302456663183 0.49537715993989395 0.9929470211920247 0.004280446805768759 0.08469688985726559 1.729973443329015
263 1841 -0.9989390560925233 -0.9985657496694998 0.495509782517804 0.9931616534905485 0.004280446805768759 0.08469688985726559 1.729973443329015
264 1848 -0.9989185369402711 -0.998624334788893 0.4957759225812723 0.9936151395532825 0.004280446805768759 0.08469688985726559 1.729973443329015
265 1855 -0.9990181187677464 -0.9987895925867989 0.49633855123567144 0.9944860729955474 0.005351471860826678 0.07459632805339543 1.7304354219646203
266 1862 -0.9989634124236874 -0.9987582181882472 0.49627979287518886 0.9944206023275608 0.005351471860826678 0.07459632805339543 1.7304354219646203
267 1869 -0.9987156006952502 -0.9984541752713841 0.49535251292740456 0.993026650236468 0.005351471860826678 0.07459632805339543 1.7304354219646203
268 1876 -0.9987624304913213 -0.9985110498321834 0.4955142000332917 0.993271235995979 0.005044827119405434 0.08233425416249439 1.7300854372865064
269 1883 -0.9990391870030946 -0.9988251210968236 0.49644538559732865 0.9946548219224418 0.005044827119405434 0.08233425416249439 1.7300854372865064
270 1890 -0.9990882838202182 -0.9988655177216712 0.4965488727986456 0.994797570206871 0.005044827119405434 0.08233425416249439 1.7300854372865064
271 1897 -0.9991665510244694 -0.9990036132451925 0.4970063325349932 0.9955133766824449 0.00421220331527498 0.06721800779350376 1.7307408808864206
272 1904 -0.9988238506329472 -0.998595526738694 0.4957786091356501 0.9936749971995115 0.00421220331527498 0.06721800779350376 1.7307408808864206
273 1911 -0.9991012717251767 -0.9989432165021119 0.49683264754509104 0.9952665470044272 0.00421220331527498 0.06721800779350376 1.7307408808864206
274 1918 -0.999146736765337 -0.9990337181555826 0.4971566246561497 0.9957737203169729 0.003662459765519469 0.06513391901840347 1.730821816069398
275 1925 -0.9993858686482935 -0.9993077193930331 0.49797003742390106 0.9969844737742855 0.003662459765519469 0.06513391901840347 1.730821816069398
276 1932 -0.9996233549484594 -0.9995799085369848 0.49877652094991753 0.9981852177007436 0.003662459765519469 0.06513391901840347 1.730821816069398
277 1939 -0.9995844913243125 -0.9995385178725624 0.4986517348255327 0.9980025122731477 0.002226703737957021 0.04475646614483343 1.7314710221452418
278 1946 -0.999565433437946 -0.9995112048325175 0.4985592167030365 0.9978617952761261 0.002226703737957021 0.04475646614483343 1.7314710221452418
279 1953 -0.9995660584771197 -0.9995179620717011 0.49858797431033064 0.9979085233655893 0.002226703737957021 0.04475646614483343 1.7314710221452418
280 1960 -0.9996107994049566 -0.9995617846354403 0.4987101545060003 0.9980851194502977 0.0021191209532004413 0.043835868012400546 1.7314947086266208
281 1967 -0.9996258175137126 -0.9995757317411195 0.49874464464674606 0.9981346843367749 0.0021191209532004413 0.043835868012400546 1.7314947086266208
282 1974 -0.9997693015176786 -0.9997373954912927 0.4992242974312603 0.9988462890457254 0.0021191209532004413 0.043835868012400546 1.7314947086266208
283 1981 -0.9998117420695763 -0.9997859070375974 0.4993700380410622 0.9990628513686365 0.001916318012117915 0.030675085299203462 1.7317780940025669
284 1988 -0.9998526870347156 -0.9998311480195475 0.49950279834946876 0.999259241457306 0.001916318012117915 0.030675085299203462 1.7317780940025669
285 1995 -0.9998562513913167 -0.9998326080000304 0.4995050394402385 0.9992606118623751 0.001916318012117915 0.030675085299203462 1.7317780940025669
286 2002 -0.9998228769987817 -0.9997980097980107 0.499407999095533 0.99911846819261 0.002199887570835268 0.029753866901153538 1.7317938295013942
287 2009 -0.9999041748773241 -0.9998857073380225 0.4996631931606594 0.9994943591209183 0.002199887570835268 0.029753866901153538 1.7317938295013942
288 2016 -0.9999217795827816 -0.9999007968154481 0.49969918288477483 0.9995448600175154 0.002199887570835268 0.029753866901153538 1.7317938295013942
289 2023 -0.9999368695180129 -0.9999141194909914 0.4997340420502331 0.9995940125369532 0.0016314138227635912 0.020318230765917128 1.7319308612030335
290 2030 -0.9999509409851692 -0.9999309173284334 0.4997846279277123 0.9996697860230249 0.0016314138227635912 0.020318230765917128 1.7319308612030335
291 2037 -0.9999612399141118 -0.9999388854377975 0.49980696223678417 0.9996998903186637 0.0016314138227635912 0.020318230765917128 1.7319308612030335
292 2044 -0.9999581509737929 -0.9999309084978553 0.4997799332199838 0.9996563046499926 0.0015109025115243558 0.01884907207668339 1.7319475828256035
293 2051 -0.9999690309924845 -0.9999460691306559 0.4998276587461612 0.9997292728432716 0.0015109025115243558 0.01884907207668339 1.7319475828256035
294 2058 -0.999966328514104 -0.9999417459350347 0.49981285475862824 0.9997064724107798 0.0015109025115243558 0.01884907207668339 1.7319475828256035
295 2065 -0.9999588575011735 -0.9999307739566972 0.4997777834096895 0.9996525523206754 0.0013260145834281972 0.01896349788294907 1.7319464851528663
296 2072 -0.9999506291084689 -0.9999143656438013 0.49972301729422464 0.9995658814755658 0.0013260145834281972 0.01896349788294907 1.7319464851528663
297 2079 -0.9999500958680267 -0.9999191459112879 0.4997401041260422 0.9995955708484133 0.0013260145834281972 0.01896349788294907 1.7319464851528663
298 2086 -0.999954622834799 -0.9999250703120027 0.4997578542595572 0.999622609927281 0.0010624350635432245 0.019742541215600786 1.7319379617347979
299 2093 -0.9999520838405126 -0.9999207646300377 0.4997426839758016 0.9995991809672731 0.0010624350635432245 0.019742541215600786 1.7319379617347979
300 2100 -0.9999679069640471 -0.999947354894406 0.49982938800871773 0.9997344169067846 0.0010624350635432245 0.019742541215600786 1.7319379617347979
301 2107 -0.9999836931175182 -0.9999729724377264 0.4999124697131862 0.9998635630836986 0.0005892261807384212 0.011871854213929181 1.7320100207244848
302 2114 -0.9999840253631611 -0.999973209214842 0.499913209124185 0.9998645324222082 0.0005892261807384212 0.011871854213929181 1.7320100207244848
303 2121 -0.9999725804625442 -0.999954609982209 0.49985238073505245 0.9997700738271377 0.0005892261807384212 0.011871854213929181 1.7320100207244848
304 2128 -0.9999791520242222 -0.9999649596972068 0.49988592871053017 0.9998220325194271 0.0005238389218170286 0.013565127330310596 1.7319976076523016
305 2135 -0.9999782680729502 -0.9999624439686926 0.4998774307864612 0.9998082316005882 0.0005238389218170286 0.013565127330310596 1.7319976076523016
306 2142 -0.9999791526522316 -0.9999649471347793 0.49988580179247405 0.9998218459174395 0.0005238389218170286 0.013565127330310596 1.7319976076523016
307 2149 -0.999981375565357 -0.9999692072180125 0.49989978876292995 0.999843952409233 0.0004447056756316656 0.01269308437009539 1.7320042401351203
308 2156 -0.9999839738475795 -0.9999736088545054 0.49991415483415147 0.9998663777372964 0.0004447056756316656 0.01269308437009539 1.7320042401351203
309 2163 -0.9999880838046075 -0.9999806432902282 0.49993711847893973 0.9999022652209497 0.0004447056756316656 0.01269308437009539 1.7320042401351203
310 2170 -0.9999895150682716 -0.9999829907130118 0.49994466583599184 0.9999140269970666 0.00027791761988597244 0.009413605053822804 1.7320252038586756
311 2177 -0.9999921738383182 -0.9999873866046759 0.4999590144695696 0.9999363609273424 0.00027791761988597244 0.009413605053822804 1.7320252038586756
312 2184 -0.9999938659342322 -0.999990295314015 0.49996858571449804 0.9999513087704519 0.00027791761988597244 0.009413605053822804 1.7320252038586756
313 2191 -0.999995360299441 -0.9999927230311655 0.4999765041435529 0.9999636092668501 0.00025974025478956933 0.006116530754453827 1.732039988160357
314 2198 -0.999997036268378 -0.9999951832474259 0.4999844363604872 0.9999757898755062 0.00025974025478956933 0.006116530754453827 1.732039988160357
315 2205 -0.9999975771120918 -0.9999962053842149 0.49998780180887115 0.9999810991453562 0.00025974025478956933 0.006116530754453827 1.732039988160357
316 2212 -0.9999960820626586 -0.9999938351962389 0.4999801046199852 0.9999691710256401 0.00025302811051760286 0.00563064338034778 1.7320416368643965
317 2219 -0.9999961764829172 -0.99999405678683 0.49998082768323404 0.9999703361438348 0.00025302811051760286 0.00563064338034778 1.7320416368643965
318 2226 -0.9999953431255684 -0.9999928274027424 0.49997684010407173 0.9999642135501838 0.00025302811051760286 0.00563064338034778 1.7320416368643965
319 2233 -0.9999954647781117 -0.9999929003134882 0.49997703720325243 0.9999644519108758 0.0002193432934870469 0.006044509407333938 1.7320402465862461
320 2240 -0.9999971656294644 -0.9999955543625637 0.49998568181470626 0.9999778159402289 0.0002193432934870469 0.006044509407333938 1.7320402465862461
321 2247 -0.9999969652910332 -0.9999953836326984 0.49998516981741603 0.9999771059757859 0.0002193432934870469 0.006044509407333938 1.7320402465862461
322 2254 -0.9999967096255938 -0.999995084167145 0.499984236720858 0.9999757182250768 0.00021527343825851234 0.004986301572512011 1.732043616787399
323 2261 -0.999998140754183 -0.9999972555162001 0.4999912233770154 0.9999864977701043 0.00021527343825851234 0.004986301572512011 1.732043616787399
324 2268 -0.9999985032892743 -0.9999977581318076 0.4999928132296154 0.9999889251926231 0.00021527343825851234 0.004986301572512011 1.732043616787399
325 2275 -0.999998082281351 -0.9999971762702649 0.49999097009112314 0.9999861128671664 0.00016748103779014745 0.0037686891683082657 1.7320466994085508
326 2282 -0.999997508873109 -0.9999963388591944 0.4999883084936401 0.9999820209306703 0.00016748103779014745 0.0037686891683082657 1.7320466994085508
327 2289 -0.9999971944044351 -0.9999958909915294 0.4999869193799733 0.9999798860909018 0.00016748103779014745 0.0037686891683082657 1.7320466994085508
328 2296 -0.9999977322897681 -0.9999966611023829 0.4999893464694449 0.9999836111393358 0.0002068031051726871 0.004094293745308169 1.7320459560852315
329 2303 -0.9999979754133166 -0.9999971120018252 0.49999086101976936 0.9999859886154762 0.0002068031051726871 0.004094293745308169 1.7320459560852315
330 2310 -0.9999981282729344 -0.9999974150482744 0.49999188718661747 0.9999876080402547 0.0002068031051726871 0.004094293745308169 1.7320459560852315
331 2317 -0.9999981683784093 -0.9999974119939756 0.49999180069487326 0.9999874485400558 0.00017788880751591876 0.0035770345295686483 1.732047104780799
332 2324 -0.9999984805756312 -0.9999978644149596 0.49999323771326126 0.9999896555953299 0.00017788880751591876 0.0035770345295686483 1.732047104780799
333 2331 -0.9999988473680708 -0.9999983541753332 0.4999947842775674 0.9999920039024632 0.00017788880751591876 0.0035770345295686483 1.732047104780799
334 2338 -0.9999985687905127 -0.9999978798547852 0.4999932207944465 0.9999895654084628 0.0001551920721404703 0.003267682099973388 1.7320477182136507
335 2345 -0.9999985320386511 -0.9999978236087652 0.4999930657770606 0.9999893204757834 0.0001551920721404703 0.003267682099973388 1.7320477182136507
336 2352 -0.9999980644810113 -0.9999972636930958 0.4999913408381518 0.9999867415606523 0.0001551920721404703 0.003267682099973388 1.7320477182136507
337 2359 -0.9999978678507975 -0.9999971486547854 0.4999910918158881 0.9999864527767671 0.00020181429013832667 0.003708297041750802 1.7320468261002764
338 2366 -0.999997482787768 -0.9999966648085487 0.49998962444140826 0.9999842362121746 0.00020181429013832667 0.003708297041750802 1.7320468261002764
339 2373 -0.9999979701107619 -0.999997328831618 0.4999917222222834 0.99998743129444 0.00020181429013832667 0.003708297041750802 1.7320468261002764
340 2380 -0.9999981099787484 -0.999997551745374 0.49999247069175956 0.9999885866040963 0.00024045957796921602 0.0033999639628460375 1.732047453860385
341 2387 -0.9999982191505787 -0.9999976882090452 0.4999928546835394 0.9999891713728674 0.00024045957796921602 0.0033999639628460375 1.732047453860385
342 2394 -0.999998444473533 -0.9999980071939804 0.49999388738124717 0.9999907482934371 0.00024045957796921602 0.0033999639628460375 1.732047453860385
343 2401 -0.9999985815865454 -0.9999981748126472 0.4999943987821962 0.9999915165399125 0.00020872232664113433 0.0029305324330692493 1.732048315843022
344 2408 -0.9999984285638953 -0.9999980861922099 0.49999430082882657 0.9999914207974866 0.00020872232664113433 0.0029305324330692493 1.732048315843022
345 2415 -0.9999980468388172 -0.9999975779411219 0.49999270181463407 0.999988992835524 0.00020872232664113433 0.0029305324330692493 1.732048315843022
346 2422 -0.9999987539028521 -0.9999983662838541 0.4999950155937277 0.9999924219339236 0.0002499354380161327 0.0027721268788776367 1.7320485711563762
347 2429 -0.9999985297051102 -0.999998069845613 0.4999940776851434 0.9999910003358984 0.0002499354380161327 0.0027721268788776367 1.7320485711563762
348 2436 -0.9999988728263262 -0.999998568131173 0.4999956566346542 0.9999934268614434 0.0002499354380161327 0.0027721268788776367 1.7320485711563762
349 2443 -0.9999985960642923 -0.9999982285974183 0.4999946854874405 0.9999919560488527 0.0002829784510107363 0.0028520835423970414 1.7320484362576771
350 2450 -0.9999984972984485 -0.9999981582505537 0.4999945046821145 0.999991719945109 0.0002829784510107363 0.0028520835423970414 1.7320484362576771
351 2457 -0.9999981894161958 -0.9999978457823439 0.49999359313747216 0.9999903958102256 0.0002829784510107363 0.0028520835423970414 1.7320484362576771
352 2464 -0.9999978360926239 -0.9999974902634793 0.4999925819124793 0.9999889268086543 0.0002417499517825424 0.0033363303648086882 1.732047577422935
353 2471 -0.999998370468496 -0.9999980597962596 0.49999421917047226 0.9999913348204796 0.0002417499517825424 0.0033363303648086882 1.732047577422935
354 2478 -0.9999982648051547 -0.9999979801179 0.4999940090597226 0.999991054098342 0.0002417499517825424 0.0033363303648086882 1.732047577422935
355 2485 -0.9999973519083522 -0.9999969987111645 0.4999911986767718 0.999986911275563 0.0002422235389086127 0.0036248841291007423 1.7320469974982804
356 2492 -0.9999975789891404 -0.9999973554301878 0.4999923875099929 0.9999887449311006 0.0002422235389086127 0.0036248841291007423 1.7320469974982804
357 2499 -0.9999969678929996 -0.9999966347038218 0.49999026526402884 0.9999855653974681 0.0002422235389086127 0.0036248841291007423 1.7320469974982804
358 2506 -0.9999980090420162 -0.9999977514396943 0.49999342294458327 0.9999902234703538 0.00021524477742234768 0.0031325552368767877 1.7320479614512336
359 2513 -0.9999983402808177 -0.9999981296493063 0.4999945292917929 0.999991871640648 0.00021524477742234768 0.0031325552368767877 1.7320479614512336
360 2520 -0.9999977494711412 -0.9999973876107513 0.49999220494199176 0.9999883739325162 0.00021524477742234768 0.0031325552368767877 1.7320479614512336
361 2527 -0.999996964426672 -0.9999963336247368 0.4999888560533086 0.9999832884773888 0.00017837872617520892 0.004103505078859008 1.732045937447127
362 2534 -0.9999973521408952 -0.9999968106554401 0.49999032946825617 0.9999855013573664 0.00017837872617520892 0.004103505078859008 1.732045937447127
363 2541 -0.9999973947995143 -0.9999967942353309 0.49999019856288157 0.9999852622647691 0.00017837872617520892 0.004103505078859008 1.732045937447127
364 2548 -0.9999969748123128 -0.99999625858306 0.49998852620826106 0.9999827382427819 0.00017555108730070733 0.0041737915158392815 1.7320457697896436
365 2555 -0.9999962058316597 -0.9999954983835113 0.49998642048189856 0.9999796859888868 0.00017555108730070733 0.0041737915158392815 1.7320457697896436
366 2562 -0.9999964999798637 -0.9999958978603815 0.4999876938545821 0.9999816223067542 0.00017555108730070733 0.0041737915158392815 1.7320457697896436
367 2569 -0.9999959894681093 -0.9999953260055463 0.49998601833439904 0.9999791363184846 0.0002219061775854144 0.004580007616399081 1.732044737957967
368 2576 -0.9999936452717777 -0.9999926628565732 0.4999780783172492 0.9999673429599856 0.0002219061775854144 0.004580007616399081 1.732044737957967
369 2583 -0.9999945038131504 -0.9999936017922975 0.4999808364211735 0.999971413804811 0.0002219061775854144 0.004580007616399081 1.732044737957967
370 2590 -0.9999942135897101 -0.9999933482892848 0.49998023327343966 0.9999705618272559 0.00027190110674984053 0.0054382132676602185 1.7320422488802762
371 2597 -0.999994336734353 -0.9999935827176173 0.49998109047155814 0.9999718941845475 0.00027190110674984053 0.0054382132676602185 1.7320422488802762
372 2604 -0.9999945823485605 -0.9999939387101088 0.49998219835283353 0.9999736004020292 0.00027190110674984053 0.0054382132676602185 1.7320422488802762
373 2611 -0.9999968114374949 -0.9999963495691035 0.49998916680943134 0.9999838770672184 0.00019496726619172596 0.004024135243954622 1.7320461218810843
374 2618 -0.9999970029277203 -0.9999966122264381 0.4999900216678725 0.9999851755980271 0.00019496726619172596 0.004024135243954622 1.7320461218810843
375 2625 -0.9999974747262182 -0.9999970882653085 0.49999132872068763 0.99998708125511 0.00019496726619172596 0.004024135243954622 1.7320461218810843
376 2632 -0.9999974976524608 -0.9999971296297272 0.4999914570270491 0.9999872845565743 0.00014986736118386185 0.003573842837472267 1.7320471140206168
377 2639 -0.9999987639466118 -0.9999985814293572 0.499995780132681 0.9999937181361057 0.00014986736118386185 0.003573842837472267 1.7320471140206168
378 2646 -0.9999987201920723 -0.9999985340473094 0.4999956391848142 0.9999935107840927 0.00014986736118386185 0.003573842837472267 1.7320471140206168
379 2653 -0.9999977038571947 -0.9999974098502493 0.4999923350294181 0.9999886226490285 0.00011190047500803162 0.0033790406586386127 1.7320475078826538
380 2660 -0.9999978306583767 -0.9999975593678494 0.49999278390793545 0.9999892937093364 0.00011190047500803162 0.0033790406586386127 1.7320475078826538
381 2667 -0.9999975154049807 -0.9999972171144592 0.4999917821023304 0.9999878168840721 0.00011190047500803162 0.0033790406586386127 1.7320475078826538
382 2674 -0.9999976190097963 -0.9999973318533831 0.4999921230393317 0.9999883208471568 9.829139779380008e-05 0.0034229868573531328 1.7320474224165385
383 2681 -0.9999975631683263 -0.9999972637870312 0.49999192091083 0.999988016428822 9.829139779380008e-05 0.0034229868573531328 1.7320474224165385
384 2688 -0.9999977031335108 -0.9999974293891024 0.4999924221572708 0.999988765594987 9.829139779380008e-05 0.0034229868573531328 1.7320474224165385
385 2695 -0.9999964184035717 -0.9999959825664964 0.49998812386625757 0.9999823901734336 0.00010087771300168187 0.004203259351801839 1.7320457044877617
386 2702 -0.9999953402376572 -0.9999948035437882 0.49998468058150597 0.9999773052627351 0.00010087771300168187 0.004203259351801839 1.7320457044877617
387 2709 -0.9999970120603372 -0.9999966916780771 0.4999902887488137 0.9999856285088505 0.00010087771300168187 0.004203259351801839 1.7320457044877617
388 2716 -0.9999972734167883 -0.9999969590432557 0.4999910332721338 0.9999867163370643 7.861467277899034e-05 0.0036501179895465146 1.7320469596573864
389 2723 -0.9999968395606862 -0.9999964822976927 0.4999896377978652 0.9999846539000576 7.861467277899034e-05 0.0036501179895465146 1.7320469596573864
390 2730 -0.9999978768505291 -0.9999976358547292 0.4999930362279984 0.9999896859264411 7.861467277899034e-05 0.0036501179895465146 1.7320469596573864
391 2737 -0.9999982339701524 -0.9999980329238521 0.49999420273107753 0.9999914135697539 5.972455935831818e-05 0.0029345436869087447 1.732048320597992
392 2744 -0.9999988051044757 -0.9999986731391033 0.4999960981184439 0.9999942232389206 5.972455935831818e-05 0.0029345436869087447 1.732048320597992
393 2751 -0.9999991728563283 -0.9999990874666309 0.4999973265188885 0.9999960457910309 5.972455935831818e-05 0.0029345436869087447 1.732048320597992
394 2758 -0.9999993325318296 -0.9999992653124141 0.4999978494539979 0.9999968204900531 4.229331433143464e-05 0.0017852432568601958 1.7320498870176313
395 2765 -0.9999994475914779 -0.9999993943453457 0.4999982306182016 0.9999973856932519 4.229331433143464e-05 0.0017852432568601958 1.7320498870176313
396 2772 -0.9999995989387845 -0.9999995579447831 0.49999870501183774 0.9999980850033766 4.229331433143464e-05 0.0017852432568601958 1.7320498870176313
397 2779 -0.9999996664380157 -0.9999996309538037 0.49999891625139203 0.9999983965022453 2.616847732405525e-05 0.0012679461676464185 1.7320503432717327
398 2786 -0.9999996316269938 -0.9999995941373344 0.49999881048412587 0.99999824120162 2.616847732405525e-05 0.0012679461676464185 1.7320503432717327
399 2793 -0.9999994734259252 -0.9999994168905622 0.4999982856899387 0.9999974633480758 2.616847732405525e-05 0.0012679461676464185 1.7320503432717327
400 2800 -0.9999994902587787 -0.9999994348026295 0.49999833752605555 0.9999975395128013 2.6594775998523085e-05 0.0015707180810316866 1.7320500951581705
401 2807 -0.9999995496330424 -0.9999995011433163 0.4999985332051294 0.9999978294982186 2.6594775998523085e-05 0.0015707180810316866 1.7320500951581705
402 2814 -0.9999996019171051 -0.9999995623745406 0.4999987184337197 0.9999981058272419 2.6594775998523085e-05 0.0015707180810316866 1.7320500951581705
403 2821 -0.9999996187819994 -0.9999995817878986 0.4999987766714389 0.9999981924971172 2.0035977034025693e-05 0.0013459353433081464 1.7320502845057968
404 2828 -0.9999996830977756 -0.9999996518524606 0.4999989810393044 0.9999984940912444 2.0035977034025693e-05 0.0013459353433081464 1.7320502845057968
405 2835 -0.9999997196071001 -0.9999996910169977 0.49999909465057824 0.9999986612830011 2.0035977034025693e-05 0.0013459353433081464 1.7320502845057968
406 2842 -0.999999602530282 -0.9999995581353581 0.499998699293305 0.9999980740412688 2.998888078130206e-05 0.0013897550456622193 1.7320502497565076
407 2849 -0.9999996582465696 -0.9999996165828542 0.49999886601531773 0.9999983185509931 2.998888078130206e-05 0.0013897550456622193 1.7320502497565076
408 2856 -0.9999996501171999 -0.9999996056420868 0.4999988307624015 0.9999982650887844 2.998888078130206e-05 0.0013897550456622193 1.7320502497565076
409 2863 -0.9999997171148783 -0.999999685008154 0.4999990715747562 0.9999986249956686 2.152874554529357e-05 0.0011743100450155772 1.7320504093508453
410 2870 -0.9999997257356792 -0.9999996987862461 0.4999991187901706 0.9999986976995432 2.152874554529357e-05 0.0011743100450155772 1.7320504093508453
411 2877 -0.9999997595863628 -0.9999997387415349 0.4999992402170116 0.9999988790250325 2.152874554529357e-05 0.0011743100450155772 1.7320504093508453
412 2884 -0.9999997013660091 -0.999999674439755 0.4999990523273823 0.9999986009901739 2.965843569285595e-05 0.0011839660095283053 1.7320504026571701
413 2891 -0.9999996352125207 -0.999999594664415 0.49999880707086364 0.9999982337678509 2.965843569285595e-05 0.0011839660095283053 1.7320504026571701
414 2898 -0.999999737197812 -0.9999997076628298 0.4999991389992775 0.999998725018331 2.965843569285595e-05 0.0011839660095283053 1.7320504026571701
415 2905 -0.9999996795087485 -0.9999996424371744 0.4999989446785651 0.999998436645571 1.9273198593611702e-05 0.0012522156069700496 1.7320503548062964
416 2912 -0.9999996811228695 -0.9999996457216105 0.4999989566615389 0.9999984553879963 1.9273198593611702e-05 0.0012522156069700496 1.7320503548062964
417 2919 -0.9999995806371716 -0.9999995385827155 0.49999864775694147 0.9999980011490376 1.9273198593611702e-05 0.0012522156069700496 1.7320503548062964
418 2926 -0.9999996218439429 -0.9999995824516514 0.4999987738797532 0.99999818659793 1.4910735520581869e-05 0.001348319855241593 1.7320502827029118
419 2933 -0.9999996582627646 -0.9999996235601232 0.49999889601982933 0.9999983678438387 1.4910735520581869e-05 0.001348319855241593 1.7320502827029118
420 2940 -0.07888075259007352 -0.0448080372014269 0.06168010961801931 0.06310344316918809 0.9309333955482247 1.0266441048800619 1.038924874554493
421 2947 -0.08459035622967791 -0.050845397032320605 0.11918366847653573 0.1421150644487972 0.9309333955482247 1.0266441048800619 1.038924874554493
422 2954 -0.06119247383392938 -0.029856086992639926 0.08594533065676901 0.09320941636528253 0.9309333955482247 1.0266441048800619 1.038924874554493
423 2961 -0.16072868143746155 -0.13158229807887023 0.22070426738898502 0.30898673918634545 0.8174846270383732 0.9818604577229415 1.1694737817138223
424 2968 -0.17857800913993063 -0.15938883052214378 0.16071867152980465 0.24823199359600062 0.8174846270383732 0.9818604577229415 1.1694737817138223
425 2975 -0.2579710926416308 -0.24647435356997482 0.3959281763750927 0.5985656139517925 0.8174846270383732 0.9818604577229415 1.1694737817138223
426 2982 -0.26475021478315586 -0.2589551090863914 0.3486719712627683 0.5454192256823904 0.6737610406706538 0.9073249607209065 1.3125576085365558
427 2989 -0.5246446113504594 -0.5129330542479175 0.3996414084878954 0.6921213389639579 0.6737610406706538 0.9073249607209065 1.3125576085365558
428 2996 -0.5589173142573558 -0.5144915434812458 0.4148580961039366 0.6802155385228875 0.6737610406706538 0.9073249607209065 1.3125576085365558
429 3003 -0.517734540881537 -0.4790218667433379 0.44618505437091066 0.7158746872707944 0.5088064077246803 0.8144077253389701 1.4414770537079353
430 3010 -0.41643143135933375 -0.41150272214633127 0.48367298582195395 0.7771361792650466 0.5088064077246803 0.8144077253389701 1.4414770537079353
431 3017 -0.3729889404799234 -0.33538217895634836 0.4965336626496011 0.7362321816613424 0.5088064077246803 0.8144077253389701 1.4414770537079353
432 3024 -0.31231053198678727 -0.27627024007033846 0.5714621455827369 0.8179993155506465 0.410314619087985 0.9435361881557762 1.3933346242030837
433 3031 -0.17735165132576833 -0.13138469416913906 0.5886415096779427 0.7826832871370073 0.410314619087985 0.9435361881557762 1.3933346242030837
434 3038 -0.0241468536630924 -0.02371551514030655 0.4828549680393874 0.6512804572431662 0.410314619087985 0.9435361881557762 1.3933346242030837
435 3045 -0.08497195507285946 -0.05589784378140576 0.534017095859041 0.7015812977810696 0.5374898184261521 1.003725161419874 1.3052358006968972
436 3052 -0.17049911531286682 -0.12173299480661791 0.5121697701127232 0.6747045712462547 0.5374898184261521 1.003725161419874 1.3052358006968972
437 3059 -0.2913161765655649 -0.25381148163716716 0.4508182278882964 0.6481901028017198 0.5374898184261521 1.003725161419874 1.3052358006968972
438 3066 -0.2874797883017467 -0.24349020497742277 0.4547293697278161 0.6434796446385718 0.5753871133423075 0.9580576503366696 1.3232744267274976
439 3073 -0.20917203818250896 -0.10427957146418512 0.49875696291297406 0.59487667432037 0.5753871133423075 0.9580576503366696 1.3232744267274976
440 3080 -0.2769346023276443 -0.18219321762124277 0.5198757933151943 0.6591574122542718 0.5753871133423075 0.9580576503366696 1.3232744267274976
441 3087 -0.11432412015089032 -0.0029862880071646475 0.5717598109752537 0.6520040118256676 0.467333751676609 1.0447447216659411 1.3000413959159225
442 3094 0.059613186160662655 0.13165051368813505 0.6143451619156951 0.7032060504640761 0.467333751676609 1.0447447216659411 1.3000413959159225
443 3101 -0.03025755299859312 0.027969547062101415 0.591283062599766 0.7208271343849597 0.467333751676609 1.0447447216659411 1.3000413959159225
444 3108 -0.13780634424681834 -0.059185722154489015 0.5206091410110085 0.6352534733071784 0.5427614176563643 1.03387259211293 1.2792644397392376
445 3115 -0.18328456505770302 -0.13343190441202735 0.5003112439466187 0.6617062994204919 0.5427614176563643 1.03387259211293 1.2792644397392376
446 3122 0.007552284761743787 0.035918650227971964 0.5000339374151559 0.6263726676779889 0.5427614176563643 1.03387259211293 1.2792644397392376
447 3129 0.11167677113653433 0.11406826222188306 0.537423349804606 0.6761502212468317 0.5690167390089814 0.98085879155204 1.3092501601155746
448 3136 0.19798527423354767 0.22230795579994728 0.5233809252666328 0.5994159001891284 0.5690167390089814 0.98085879155204 1.3092501601155746
449 3143 0.21679853828587342 0.22334172395779828 0.3104037862889966 0.3328812880608045 0.5690167390089814 0.98085879155204 1.3092501601155746
450 3150 0.1617093102296988 0.18553389779915902 0.3483350535567987 0.3787775179065518 0.7778798408888256 0.923527211699429 1.241773104230179
451 3157 0.2993895427389952 0.3213813112261661 0.4245880889122381 0.4369985796537579 0.7778798408888256 0.923527211699429 1.241773104230179
452 3164 0.1955894248596018 0.2144401578008863 0.39393448395841857 0.4349151930696449 0.7778798408888256 0.923527211699429 1.241773104230179
453 3171 0.0233116974144033 0.1017352508362134 0.4236436484932394 0.4525228942904379 0.6684238935091819 0.988771252714566 1.2552055243629605
454 3178 0.00643511114299099 0.09805218405530955 0.4230236391214979 0.4397303845645754 0.6684238935091819 0.988771252714566 1.2552055243629605
455 3185 -0.018300717975126127 0.06501035303806228 0.40008930842234247 0.4284712225372474 0.6684238935091819 0.988771252714566 1.2552055243629605
456 3192 -0.062148025005201384 0.04874704601213404 0.3843697637787949 0.38534893201701304 0.6525598884949411 1.0306040435445958 1.2296425892742164
457 3199 -0.23301457980445262 -0.13835070753240028 0.4216802167011366 0.5136933191735965 0.6525598884949411 1.0306040435445958 1.2296425892742164
458 3206 -0.2248713891650372 -0.14570054367749705 0.4397511521782101 0.5557308719759056 0.6525598884949411 1.0306040435445958 1.2296425892742164
459 3213 -0.31770198863835164 -0.2416105234445701 0.33032425401527027 0.4448777146414355 0.6779239262841468 0.9936731900639537 1.2462073429087204
460 3220 -0.4235169178709617 -0.3473334939563708 0.29369938322498285 0.4311935850375099 0.6779239262841468 0.9936731900639537 1.2462073429087204
461 3227 -0.5617660072323651 -0.48111481594684574 0.2004532950450989 0.34699147409022774 0.6779239262841468 0.9936731900639537 1.2462073429087204
462 3234 -0.4735748923629573 -0.4032656716078702 0.21690396054578245 0.35331795050857956 0.7001897389376247 0.9041957516264105 1.300832184498528
463 3241 -0.40660084273878616 -0.38582082640975535 0.13480407563891952 0.2875656933261137 0.7001897389376247 0.9041957516264105 1.300832184498528
464 3248 -0.5052181943662478 -0.49984346715982764 0.20904667137072638 0.43996865700782417 0.7001897389376247 0.9041957516264105 1.300832184498528
465 3255 -0.4629073310410901 -0.439102320913554 0.14558249610714913 0.31667242498651405 0.7287742344160264 0.8370873179801495 1.3297266400761227
466 3262 -0.43926832507601316 -0.4166480176012791 0.19759400046998649 0.379721032352341 0.7287742344160264 0.8370873179801495 1.3297266400761227
467 3269 -0.46779629695869834 -0.46058129138514625 0.23743632435933598 0.462893857367278 0.7287742344160264 0.8370873179801495 1.3297266400761227
468 3276 -0.36584060072264224 -0.35921081705506375 0.2529406455120711 0.45036134936687094 0.7400345932213496 0.8246029779260373 1.3313071507474235
469 3283 -0.3310169328741351 -0.3079335090038664 0.22199932211660375 0.3755601752864917 0.7400345932213496 0.8246029779260373 1.3313071507474235
470 3290 -0.23898949025237354 -0.22449443707253414 0.12627342865156382 0.22870099737975708 0.7400345932213496 0.8246029779260373 1.3313071507474235
471 3297 -0.34477433676357033 -0.3024571878319587 0.13968125793752556 0.24474359092907533 0.8029712158448052 0.9157572599042226 1.231513648912356
472 3304 -0.16135889434610304 -0.14335031177419227 0.20334454880388464 0.3009009197579995 0.8029712158448052 0.9157572599042226 1.231513648912356
473 3311 -0.25211006896254773 -0.23158345528344226 0.2744969881528237 0.4226638556191402 0.8029712158448052 0.9157572599042226 1.231513648912356
474 3318 -0.09791108950402339 -0.09265089228648155 0.2481812211248674 0.3565317283777752 0.8017537390163849 0.980806722108535 1.1811897035785393
475 3325 -0.19666151117026504 -0.15857647322929636 0.2893933316907055 0.4006315620564041 0.8017537390163849 0.980806722108535 1.1811897035785393
476 3332 -0.36797529229594017 -0.35767737906979713 0.22594962012125241 0.41019403995879256 0.8017537390163849 0.980806722108535 1.1811897035785393
477 3339 -0.4278091356514596 -0.4013654426279124 0.18929383289412371 0.3597365650445886 0.7535267585992029 0.8310851085870874 1.3196571396994625
478 3346 -0.4625175132662496 -0.4474734190287174 0.21104092081478049 0.4155016065250809 0.7535267585992029 0.8310851085870874 1.3196571396994625
479 3353 -0.6073666345882449 -0.5517443928782472 0.22480287873993 0.4280297275693246 0.7535267585992029 0.8310851085870874 1.3196571396994625
480 3360 -0.6021757402024336 -0.5466079015543458 0.1813788377124956 0.36847324548668825 0.6305930654332341 0.8321127969970944 1.3820060343215539
481 3367 -0.6532111316405463 -0.5766783588622879 0.19012170377566753 0.3691889518767275 0.6305930654332341 0.8321127969970944 1.3820060343215539
482 3374 -0.7282889836627109 -0.702147446495448 0.268057483840344 0.5653175901183451 0.6305930654332341 0.8321127969970944 1.3820060343215539
483 3381 -0.6517759459107791 -0.6243032928209065 0.24242782617267775 0.5038655460806665 0.5875083475990013 0.7216237142511971 1.460853571215061
484 3388 -0.6956039951079174 -0.6771631620495492 0.3145324785046302 0.6266568589643218 0.5875083475990013 0.7216237142511971 1.460853571215061
485 3395 -0.6480461091408848 -0.6185775897697992 0.278599322182433 0.5481897734620913 0.5875083475990013 0.7216237142511971 1.460853571215061
486 3402 -0.6892592726389695 -0.6570356784833316 0.26592358454072507 0.5413530780597727 0.5567923538497189 0.702471935736489 1.4820645917763235
487 3409 -0.7317429990789973 -0.6860922225442063 0.25525480500685227 0.5233863709890809 0.5567923538497189 0.702471935736489 1.4820645917763235
488 3416 -0.6686976050209384 -0.6106945158201303 0.32362248402683397 0.577058394775014 0.5567923538497189 0.702471935736489 1.4820645917763235
489 3423 -0.7319120120861261 -0.6924976726363286 0.41825327530293455 0.7490892518328914 0.448149082944563 0.6527880411740151 1.5404642718207193
490 3430 -0.738134897038032 -0.7148020712322135 0.38055195865554303 0.72233714281231 0.448149082944563 0.6527880411740151 1.5404642718207193
491 3437 -0.7774382615914102 -0.7742282514081438 0.4228474667946871 0.8186626960123643 0.448149082944563 0.6527880411740151 1.5404642718207193
492 3444 -0.8033652670260402 -0.796426797200418 0.41286002033042035 0.809017156348411 0.4281033083113929 0.4739653102094082 1.6099951683563956
493 3451 -0.7940421604855844 -0.7909760502782506 0.38391817220605606 0.7724834694934911 0.4281033083113929 0.4739653102094082 1.6099951683563956
494 3458 -0.6924085716288477 -0.6922698085732668 0.37292951510993866 0.7278571932820929 0.4281033083113929 0.4739653102094082 1.6099951683563956
495 3465 -0.7379116664414327 -0.7348043889088824 0.42016558109808 0.8020482935678506 0.44427579727484773 0.5402015378644336 1.5845508241911017
496 3472 -0.7389783722379041 -0.7268309270066706 0.45351264372173267 0.8348130553999669 0.44427579727484773 0.5402015378644336 1.5845508241911017
497 3479 -0.7609006933520792 -0.7366960850916747 0.48999264507158635 0.8746842801989355 0.44427579727484773 0.5402015378644336 1.5845508241911017
498 3486 -0.7797548016005783 -0.7464051366084917 0.5029841905970839 0.8860976346735225 0.2969869825229199 0.6051501360401873 1.5954911610731266
499 3493 -0.7684533481553509 -0.730604097783684 0.5199541909588742 0.8989577035013933 0.2969869825229199 0.6051501360401873 1.5954911610731266
500 3500 -0.733838496188877 -0.7026119154920628 0.5347110595251118 0.9159254705006892 0.2969869825229199 0.6051501360401873 1.5954911610731266
501 3507 -0.688752424273255 -0.6696921020694754 0.5568014806361052 0.946572352667519 0.21837790993082426 0.6663217497540173 1.5837696847265987
502 3514 -0.7035083202554331 -0.6895903702514441 0.5451818193048067 0.9428545991529013 0.21837790993082426 0.6663217497540173 1.5837696847265987
503 3521 -0.7023163320550148 -0.6856229500603279 0.5545467206319401 0.9512432288680093 0.21837790993082426 0.6663217497540173 1.5837696847265987
504 3528 -0.6979461613623126 -0.6694614979960563 0.5462695358247269 0.9230285503987317 0.25265975325012147 0.6758024881208768 1.5746282247366266
505 3535 -0.7555229134364798 -0.7323413430053021 0.5446073761398675 0.9470753787570797 0.25265975325012147 0.6758024881208768 1.5746282247366266
505 3535 -0.7555229134364798 -0.7323413430053021 0.5446073761398675 0.9470753787570797 0.25265975325012147 0.6758024881208768 1.5746282247366266
