% # columns="iteration, evaluation, sigma, axis ratio, bestever, best, median, worst objective function value, further objective values of best", seed=860942, Mon Jul 25 17:22:06 2022, <python>{}</python>
1 7 0.17042484753486503 1.0000333338888951 0.07230868744657726 7.2308687446577258e-02 0.07740913392068519 4.554324042659802   
2 14 0.20784732652235258 1.2385572727104979 0.07230868744657726 9.7523433759296854e-02 0.11033479125087861 4.575202481980281   
3 21 0.20012761474271926 1.7980706421011656 0.0700103297049977 7.0010329704997695e-02 0.10159696015220775 4.573912050701328   
4 28 0.1696842522831046 2.0523528934002977 0.0700103297049977 8.6033990286521658e-02 4.569264601628826 4.572150743424119   
5 35 0.15843403046032106 2.2073766351526687 0.0700103297049977 9.9997341414565427e-02 4.571725420375534 4.598488510849131   
6 42 0.1618152708087299 2.0553836752813277 0.06475004029612126 6.4750040296121261e-02 0.09995700104936728 4.575173011933773   
7 49 0.15056596947666734 2.061518267142583 0.06475004029612126 7.8555123376442895e-02 0.10436175925266199 4.555184835504976   
8 56 0.1281882571087568 2.9230005217951187 0.06475004029612126 8.4369065547082775e-02 0.09769342963080477 4.568496117015824   
9 63 0.11299205168640929 3.399511788918353 0.06475004029612126 1.1196260807904269e-01 4.572420617997462 4.575490296767564   
10 70 0.11511998856588054 3.634872279312164 0.04112651365670662 4.1126513656706623e-02 4.552681369682621 4.571014550049629   
11 77 0.1267878382235897 3.2641000430445715 0.04112651365670662 5.8354598543394941e-02 0.0874616425237836 4.5541623133100595   
12 84 0.11119721526271249 2.92094210984712 0.038390901515572284 3.8390901515572284e-02 0.0806253898166509 0.10120735832480435   
13 91 0.12361285198092972 2.9379355744300053 0.038390901515572284 5.0811174892810361e-02 0.08965715959544338 4.555381517420785   
14 98 0.11195899127246345 3.0683549298825405 0.038390901515572284 5.4786808300031707e-02 0.08409369720137666 4.554436054332825   
15 105 0.11550277970105348 2.4948854613009614 0.015179511807494661 1.5179511807494661e-02 4.552450892121297 4.559028051172387   
16 112 0.10714130764819281 2.8170089915586 0.015179511807494661 2.9320368946391978e-02 0.10176283350913859 4.554136179363731   
17 119 0.10617556594057984 3.0467105486966783 0.015179511807494661 6.6727192335294894e-02 4.552723705685975 4.556382928159447   
18 126 0.09896111262706443 3.0166853926709702 0.015179511807494661 5.2116914660677971e-02 0.08109550568604615 4.565378654420434   
19 133 0.09172146652219726 2.842731159924432 0.015179511807494661 3.2691785748845063e-02 4.552967746109582 4.556274161080126   
20 140 0.07710899631222114 3.0001604130517836 0.015179511807494661 5.4451475149251451e-02 0.07308778729649076 4.555278854706774   
21 147 0.0771973559141483 2.608458436928919 0.015179511807494661 1.6038890994829320e-02 0.05416127625166011 0.1064143060836714   
22 154 0.07657875676277578 3.2086391735006123 0.015179511807494661 6.9644905790139947e-02 0.08557605521844126 0.0944282741272341   
23 161 0.10611650517288117 2.7246194989587837 0.015179511807494661 5.8960665395233133e-02 0.08521144023573991 4.56539068050291   
24 168 0.09555092789270825 2.7508444883200784 0.015179511807494661 6.1637959420136647e-02 4.552746258802283 4.554305493043543   
25 175 0.08101159151725625 3.3635371881520992 0.015179511807494661 6.0064350893871306e-02 4.552178585379296 4.554150686724094   
26 182 0.08771433670137986 3.2165028663693525 0.015179511807494661 6.1276877877757041e-02 0.08144076654153047 4.55701047533558   
27 189 0.08691028779180997 3.1509787747441123 0.015179511807494661 5.4865157370477036e-02 0.08695797635859662 4.554725212009128   
28 196 0.07534709415122416 2.7702476975055266 0.015179511807494661 4.7740257469805217e-02 0.08809318520223715 0.10234669954681994   
29 203 0.07265860566334159 3.04711942499093 0.015179511807494661 5.1079468581898553e-02 0.08812990590480277 0.09508092160344928   
30 210 0.06828479959138103 3.0360588339499306 0.015179511807494661 5.4906918727100761e-02 0.0847914635361529 0.09188624625279919   
31 217 0.07283386554648352 2.856459066762148 0.015179511807494661 5.5516435321643680e-02 0.0985753702143645 0.10715316456319766   
32 224 0.06565760965758562 2.8779307946917583 0.015179511807494661 5.8943659538006260e-02 0.10982174692831659 0.11651499595884916   
33 231 0.0815673656851713 2.9472137962525604 0.015179511807494661 5.7644088026941154e-02 0.07654346382698789 0.10125208215852612   
34 238 0.07956278274039828 4.33727938411285 0.015179511807494661 6.6041703431453824e-02 0.07542061083227007 4.554568189571933   
35 245 0.09677018112831487 4.87809743702737 0.015179511807494661 6.1536311930304614e-02 0.07099303818157765 4.5525270560419235   
36 252 0.12987191362865894 5.31769756698573 0.015179511807494661 3.2459124485136978e-02 0.0694603358512952 4.555426153239841   
37 259 0.13539262591296755 7.441218386859535 0.015179511807494661 7.0436012143814494e-02 0.09307942671647426 4.553761651146777   
38 266 0.15033802849937739 7.592677649960797 0.015179511807494661 6.2419174834229887e-02 0.10283206766659377 4.557573261666511   
39 273 0.15341389968196925 6.385561579791862 0.015179511807494661 5.8958225455492112e-02 0.08487184836594001 4.554132750933197   
40 280 0.15458254757821063 5.845986368891925 0.015179511807494661 7.2429162797958635e-02 0.08098316009405648 4.5552560844538235   
41 287 0.12354430015223472 5.270311985329794 0.015179511807494661 7.2048136329090851e-02 0.08614974551237133 4.5692945318451175   
42 294 0.11360767684833398 5.898710267842895 0.015179511807494661 3.3100092282625566e-02 0.08266839946663526 4.568716524056664   
43 301 0.11072899265785581 6.571025002216532 0.015179511807494661 3.7674558700525454e-02 0.09006224970321586 4.554299129389352   
44 308 0.12744067507791626 6.8254156710400435 0.015179511807494661 6.7423347269961784e-02 0.09618826133252915 4.554598404577114   
45 315 0.15425873263594095 6.212113248619166 0.015179511807494661 3.4381885266989452e-02 0.07073290258359069 4.555706666692698   
46 322 0.15075239003881838 5.562943093080428 0.015179511807494661 6.5769785089959565e-02 0.09943455468989477 4.554490837452307   
47 329 0.13675168047171038 6.124562418883356 0.015179511807494661 6.2215003504510195e-02 0.0898760369243598 4.553891606145463   
48 336 0.11941328176904246 6.865107421084618 0.015179511807494661 2.1736358163480036e-02 0.0714967121597154 4.5552666060428315   
49 343 0.09342868916395101 7.017387447949391 0.015179511807494661 2.2192877835983789e-02 0.0861165103165856 4.554561803803965   
50 350 0.08618959446003084 7.40581339950382 0.015179511807494661 4.7498209541744010e-02 0.10105871193619875 4.556541782736409   
51 357 0.09939916594315477 7.046783529495954 0.015179511807494661 2.7819196546996175e-02 0.07088086011515796 4.554933227718489   
52 364 0.10137347477136217 6.7767705700382574 0.015179511807494661 5.9440964779903988e-02 0.1017567137750593 4.557252392280296   
53 371 0.093001567082906 7.588931070705769 0.015179511807494661 5.2153670812317005e-02 0.08493677909353871 4.553935442475294   
54 378 0.08970522626954697 7.848422034629666 0.015179511807494661 3.0766637140656083e-02 0.10120721381537738 4.5545023886035665   
55 385 0.0883942464058257 8.138449135007713 0.008225304667810502 8.2253046678105023e-03 0.06328279755281072 0.09843347748011624   
56 392 0.08016987754253527 7.673861586235154 0.008225304667810502 2.8799586007041775e-02 0.08937436328382274 4.555448044928974   
57 399 0.07216147516106763 8.287520811710705 0.008225304667810502 5.7900742497307568e-02 0.08588307823891207 0.1028630483437912   
58 406 0.08226630795645831 8.365257302150047 0.008225304667810502 1.8532391748501947e-02 0.08236026380637292 4.554029991858215   
59 413 0.0668147949352641 7.832166069753935 0.008225304667810502 6.2779099017407455e-02 0.08875107597445155 4.554317762518764   
60 420 0.06651956246895645 7.929547279387691 0.008225304667810502 3.5823178857697729e-02 0.08226356619986538 4.554257569143045   
61 427 0.0776489434747809 7.9222671190213365 0.008225304667810502 5.3383799245319663e-02 0.08489503774457965 4.553626587443585   
62 434 0.10505023134282904 7.99099905644441 0.008225304667810502 4.2100602654251036e-02 0.093083008661352 4.5551918356411125   
63 441 0.09411521234246481 7.1416945679779325 0.008225304667810502 5.0227607386212465e-02 0.09170894600802292 4.553139687707733   
64 448 0.09503773087712414 7.837885867262212 0.008225304667810502 5.8314545694512686e-02 0.09867253899023333 4.554203303128022   
65 455 0.11088046394582513 7.571871283312107 0.008225304667810502 1.7153090371547428e-02 0.09791906762647093 4.554312655518392   
66 462 0.10584585187342481 6.039147617028097 0.008225304667810502 7.9567541182953075e-02 0.08939930108424382 4.553660249105705   
67 469 0.11764229446758324 6.375042047872994 0.008225304667810502 5.8700536072852215e-02 0.0915609970337967 4.557925873706627   
68 476 0.09547451013765679 7.997721416201999 0.008225304667810502 4.7288442338205394e-02 0.08796003785554098 4.55555961554679   
69 483 0.08704486858018558 7.040153568139301 0.008225304667810502 5.4606649835341387e-02 0.08127970091742641 4.5543493673522795   
70 490 0.08928029522847811 8.28703413228448 0.008225304667810502 2.2227748460030942e-02 0.09495522206697425 4.554033553205278   
71 497 0.08715997247993237 9.567988341033473 0.008225304667810502 2.7756661731905982e-02 0.06648973055932483 0.09116370146729165   
72 504 0.07922252871456034 10.05295524527057 0.008225304667810502 4.5763390993638693e-02 0.08095294913460338 4.5552539950306015   
73 511 0.06379070741917517 9.602235860294975 0.008225304667810502 6.8499468798643992e-02 0.0767184911327272 0.09837854770719912   
74 518 0.07026734903406437 12.147682397834826 0.008225304667810502 6.6933135881604308e-02 0.0855236188214087 4.556005340455631   
75 525 0.06592534020185464 12.5029701618865 0.008225304667810502 6.3050612753101309e-02 0.08487986158200896 4.554132731094123   
76 532 0.05295260977475277 13.995887196269438 0.008225304667810502 3.2628795845866858e-02 0.08009908666399952 4.556309330877988   
77 539 0.0649869604489399 12.881797434934322 0.008225304667810502 6.4055674210866817e-02 0.06841642193335984 0.087790747880059   
78 546 0.07077177754036663 16.743790499807876 0.008225304667810502 4.1720752669303605e-02 0.08466286240767892 4.553806093947205   
79 553 0.07526528525490338 17.58189105607699 0.008225304667810502 2.5005472777453720e-02 0.057265347985034624 4.554220316332176   
80 560 0.07958569876623858 15.89857339210612 0.008225304667810502 4.3678035974496279e-02 0.07296397569570347 4.553824813109539   
81 567 0.07815404541879571 16.8065181820155 0.008225304667810502 4.8881462614388742e-02 0.09849762712327974 4.5572642405222386   
82 574 0.09071314303498001 18.587025747580046 0.008225304667810502 5.7578928996681419e-02 0.07562257576620726 4.5536700247998025   
83 581 0.07457743765411329 25.263513030304072 0.008225304667810502 6.0819215843002192e-02 0.07788955157218264 4.5560068220740195   
84 588 0.06970781560755869 21.39101471988162 0.008225304667810502 4.7937152645290776e-02 0.07831376470490108 0.09797301203954954   
85 595 0.06370615114282886 19.18884252252117 0.008225304667810502 4.2364815077609100e-02 0.09609349910386292 4.556093866753169   
86 602 0.06705314223170783 18.78554513655277 0.008225304667810502 4.4630079556844372e-02 0.08172048170026516 4.554618386161454   
87 609 0.064484388173404 18.656652612887772 0.008225304667810502 4.6435095856489625e-02 0.06658279231410665 4.554203066179436   
88 616 0.05498604877705794 20.104498558635502 0.008225304667810502 5.6128812926327008e-02 0.07364311568261281 4.554219689039333   
89 623 0.06145421813989309 18.13115660894798 0.008225304667810502 5.6832838880225084e-02 0.08547568139187338 4.557190231450452   
90 630 0.0562982934865495 23.459371056787973 0.008225304667810502 6.6740560952313358e-02 0.09326717690261159 4.555271753512586   
91 637 0.0534670901905001 20.77480848527554 0.008225304667810502 5.3014048299171446e-02 0.08792669989008065 4.553970397399631   
92 644 0.05663227398643869 23.49586952038568 0.008225304667810502 3.5339957605317794e-02 0.06736244957497657 4.5552512154531035   
93 651 0.0597410641281507 20.122158111735633 0.008225304667810502 4.7605760549969948e-02 0.06999390622017443 4.554250112187294   
94 658 0.06793813887675808 19.158051668592357 0.008225304667810502 6.7747775038793062e-02 0.0922829148880508 4.56641860731908   
95 665 0.07664774608821863 20.19607186954438 0.008225304667810502 5.8834743983145810e-02 0.07820288226999053 4.554406646359084   
96 672 0.08743705703767582 16.0839902675306 0.008225304667810502 4.5398052267316212e-02 0.08408436612204834 4.569489583475538   
97 679 0.0938312792591293 16.367373293743686 0.008225304667810502 6.7974670576747290e-02 0.08697974114368877 4.554117780618639   
98 686 0.0767388900431172 16.12918576313993 0.008225304667810502 4.9961018363075503e-02 0.07006586012661596 4.554207532138355   
99 693 0.06785457438500854 16.967177399037315 0.008225304667810502 5.3222295256229755e-02 0.08531459577542597 0.09912059375642172   
100 700 0.075604181229925 18.372788813781984 0.008225304667810502 3.6904675040953752e-02 0.08362421095689311 4.555100527388941   
101 707 0.07037313088654028 16.440302826114383 0.008225304667810502 7.3370677580018251e-02 0.09706109353448739 4.55593383364171   
102 714 0.059569968538494014 16.793323853209692 0.008225304667810502 2.9067017370553512e-02 0.04854401547411668 4.554868356751805   
103 721 0.05841624482639416 14.087166353285825 0.008225304667810502 3.1803769489558986e-02 0.07616824254421942 0.09436884948750664   
104 728 0.05158423249303969 13.49858722402229 0.008225304667810502 4.2533859838159792e-02 0.09021197348154775 4.55378227456937   
105 735 0.04336130745892476 13.104771179689381 0.008225304667810502 5.8707207138826906e-02 0.0679789434910551 4.554483671457882   
106 742 0.03554880004730979 10.922901332987017 0.008225304667810502 6.1671470922486871e-02 0.10629441573166973 4.554300184527849   
107 749 0.03993325334665684 10.396112933880286 0.008225304667810502 3.8050225595632377e-02 0.0555016197247629 4.554187208957232   
108 756 0.03625371098695246 15.246082799467437 0.008225304667810502 3.4870189225717566e-02 0.07839289139648507 0.10738682546097365   
109 763 0.02973717161912009 13.785795540613995 0.008225304667810502 7.3204069062328930e-02 0.09419130115994286 4.554280705487281   
110 770 0.027845368371743406 14.088803071310245 0.008225304667810502 9.0453291378739295e-02 0.0946140210539796 4.553669478730817   
111 777 0.024339460441371124 11.33007886302682 0.008225304667810502 3.4892724775055360e-02 0.09995223651486686 4.555204247088703   
112 784 0.022131738488599166 11.817459819574964 0.008225304667810502 1.9136690522120765e-02 0.09812447449666156 4.55461285284211   
113 791 0.020634467436548697 11.757789119950273 0.008225304667810502 4.3169311403039409e-02 0.07861170447237194 4.553937035669197   
114 798 0.01833701138483508 11.833114825401235 0.008225304667810502 6.4670261712478375e-02 0.09289373400000846 4.556127420549433   
115 805 0.016139618761752777 12.984448556427388 0.008225304667810502 6.4313946930810370e-02 0.07746505295513893 4.563065941356705   
116 812 0.013206518213463001 13.358359428873367 0.008225304667810502 6.1072368874639751e-02 0.08046967707755287 0.08611315864487742   
117 819 0.013670039814991146 12.299053735509158 0.008225304667810502 5.1934404401162017e-02 4.553246099811043 4.554098472301166   
118 826 0.013167717739469495 11.741208441811452 0.008225304667810502 6.2216264953416575e-02 0.08967701482887373 4.5551742611376245   
119 833 0.013674270569580938 13.247520614203333 0.008225304667810502 5.0807298856616188e-02 0.06084749495782873 0.09311094878083945   
120 840 0.018156170310631943 12.684426257645269 0.008225304667810502 3.0856405802417677e-02 0.057933769565766284 0.07908887127112926   
121 847 0.0285755289490168 15.876814308855929 0.008225304667810502 7.3579447259724651e-02 0.08109864694594618 0.10863339372849369   
122 854 0.033423311174352335 17.199761605035288 0.008225304667810502 6.3829935217685679e-02 0.07651953650747517 4.553826950736722   
123 861 0.03241081382137376 15.638440467533876 0.008225304667810502 3.0752258572676629e-02 0.07071095792631141 4.554967875809158   
124 868 0.028841491636636008 17.33899595998089 0.008225304667810502 4.1459109707517608e-02 0.07148368901772686 0.0987598930799346   
125 875 0.03989502266642631 17.434094795832202 0.008225304667810502 3.2126335326809842e-02 0.06065628476464036 4.553118856645974   
126 882 0.03349849217436887 17.897533723205715 0.008225304667810502 5.4966033125274073e-02 0.08130896974910123 4.55509618183065   
127 889 0.03375374569414872 20.381553951950274 0.008225304667810502 4.9948262598394771e-02 0.07996811826244339 4.553767472250923   
128 896 0.042902451052794804 21.912933700174474 0.008225304667810502 5.1102805807152915e-02 0.08804508140326706 4.564529225053455   
129 903 0.04966132857883349 33.26568502015955 0.008225304667810502 4.8991111698467017e-02 0.06076685588290164 0.0829612718699179   
130 910 0.04871284573523036 36.96829675937792 0.008225304667810502 4.5502459600902746e-02 0.06627339802183116 4.553596005228165   
131 917 0.04342190211354504 37.538288694506555 0.008225304667810502 2.6816402583375028e-02 0.07088905910315897 0.0937969426620383   
132 924 0.04995043086270414 39.23218631439636 0.008225304667810502 5.2605630179496647e-02 0.08014274026758132 0.09782054034890707   
133 931 0.04567490314456195 36.73435700091573 0.008225304667810502 5.4422580658805210e-02 0.07864752790396455 0.09399583156057115   
134 938 0.05712051045795867 34.14314106794769 0.008225304667810502 5.1783471989839590e-02 0.07519501353403316 0.08918065510907021   
135 945 0.05661719669284526 42.667593184219854 0.008225304667810502 3.0726663477770585e-02 0.07111525460564042 4.5534690568471445   
136 952 0.049747987259563 45.23845071726461 0.008225304667810502 6.4618919910326048e-02 0.08700809990330625 4.563669808832556   
137 959 0.04679645077150319 51.85733849401332 0.008225304667810502 6.7858088312051576e-02 0.08618695348165442 4.5539076626105075   
138 966 0.0482810433302312 48.742788701655954 0.008225304667810502 6.3634839754927119e-02 0.06903889422956458 0.09374194320787459   
139 973 0.041997868537347355 61.27238276596551 0.008225304667810502 3.9505660437619133e-02 0.07511341957606894 4.553079044605705   
140 980 0.03945461798415305 67.4057218742711 0.008225304667810502 6.3214273866172704e-02 0.07417219316681571 4.554828029953459   
141 987 0.038700882670942814 59.62474070375596 0.008225304667810502 3.4836787732462383e-02 0.0973903231850015 4.555010439383989   
142 994 0.04483258022270166 73.20447540294066 0.008225304667810502 3.2790383013873242e-02 0.08871369332899341 4.553334226905466   
143 1001 0.048016385510085476 89.89345477357126 0.008225304667810502 4.9324437078529786e-02 0.06138332286751318 0.08281907457970746   
144 1008 0.05874361591510257 90.95110174916172 0.008225304667810502 6.7279088920778662e-02 0.09462219094888752 0.10549574496014293   
145 1015 0.04453832331621266 72.3100409532175 0.008225304667810502 2.5644378182535180e-02 0.07975930571550502 4.554127936537981   
146 1022 0.037751157954341974 67.35156372621975 0.008225304667810502 2.7095881087192769e-02 0.04517015986275108 4.554456823680949   
147 1029 0.03597906508333033 80.10464277330298 0.008225304667810502 2.2426588262812172e-02 0.09003636469304252 4.554742840227321   
148 1036 0.03265601264879574 89.16229619304373 0.008225304667810502 5.8997870261529604e-02 0.08826590525318263 4.555995984212883   
149 1043 0.0433526674407804 80.97632931291578 0.008225304667810502 2.4938457662181463e-02 0.06655949626268237 0.10372535944604351   
150 1050 0.04899817800895036 67.74280192772521 0.008225304667810502 3.1710974350696780e-02 0.07344666949646633 4.554110812134137   
151 1057 0.04965658005712538 67.9635678623774 0.008225304667810502 2.1163563130041366e-02 0.08027314678317286 4.554404597309568   
152 1064 0.0430715301531926 81.69296772813895 0.008225304667810502 4.0566020491961910e-02 0.08952194032732388 4.5541372695370965   
153 1071 0.044011972949528 88.06327579506113 0.008225304667810502 1.4989016113676677e-02 0.06792408405002684 4.55436209396446   
154 1078 0.050569280941745044 80.84688869446038 0.008225304667810502 1.3285980550693278e-02 0.07149385707989557 0.08536564163424469   
155 1085 0.04537156206760064 98.90850226540887 0.008225304667810502 7.5947428178794296e-02 0.0920079331770135 4.553416632560295   
156 1092 0.04303716488920788 129.7705732282221 0.008225304667810502 3.4067582631457399e-02 0.08526219370614753 4.556242452879634   
157 1099 0.042247457817812986 127.58044370428563 0.008225304667810502 6.4703206669739541e-02 0.07565769773845014 4.556124738999536   
158 1106 0.05390656807641624 148.83401423454185 0.008225304667810502 4.3439258933712484e-02 0.07720820747856831 4.556093829576176   
159 1113 0.06619533441810727 161.18188101779677 0.008225304667810502 2.7161059809986912e-02 0.09873475537086462 4.568279302768756   
160 1120 0.07071533323999661 204.5613960270507 0.008225304667810502 3.7355653676934629e-02 0.07185738647225132 4.554797546803986   
161 1127 0.08825968345880776 291.55019304477077 0.008225304667810502 3.1103374776776008e-02 0.07717248798882712 4.553749871631139   
162 1134 0.09925432940190117 211.4996042968978 0.008225304667810502 5.1095301598351912e-02 0.09018143322280929 4.554675551956669   
163 1141 0.10006363802831592 203.70831954387964 0.008225304667810502 6.1032997424975692e-02 0.09263804251524342 0.1083663601268233   
164 1148 0.14322262680755357 243.6554288298501 0.008225304667810502 3.5196758917472551e-02 0.06878482269418189 4.552797609732761   
165 1155 0.1762569113960965 241.6346606346469 0.008225304667810502 7.0375162279653417e-02 0.08794351076316749 4.554440248327349   
166 1162 0.17356277708610662 231.31434451275211 0.008225304667810502 5.1219486881178590e-02 0.08284105439501349 4.554646518497885   
167 1169 0.14347481063013687 218.8296991312527 0.008225304667810502 7.0869218611148213e-02 0.0811288204630175 4.554759568856142   
168 1176 0.13887180287449613 201.6459042984839 0.008225304667810502 3.7604563272781000e-02 0.07986909077103393 4.565406107106291   
169 1183 0.11643520131588593 201.25126773054052 0.008225304667810502 4.0740190034046012e-02 0.06448351325392276 4.5529690388700175   
170 1190 0.11454245130247225 230.0724770728781 0.008225304667810502 5.8172875704036751e-02 0.08144278297559658 4.55312171295602   
171 1197 0.10674787129298492 243.4957573743417 0.008225304667810502 3.2536227109991184e-02 0.07590038775153056 4.55692288149013   
172 1204 0.1005779089488921 222.76850581587627 0.008225304667810502 4.4784244775917068e-02 0.07811268683204008 4.555949576508751   
173 1211 0.08346662546399254 235.33696734673842 0.008225304667810502 3.7550173797595704e-02 0.09968059028460767 4.567348479686346   
174 1218 0.08885600013936448 203.01060319891434 0.008225304667810502 5.5608785557800633e-02 0.07385842350250474 4.554241074617499   
175 1225 0.10034864653098888 155.06339324475894 0.008225304667810502 3.8451831940752947e-02 0.06422011021724665 4.555398647347712   
176 1232 0.13293952124531555 153.81220480729291 0.008225304667810502 2.1475348209556627e-02 0.0474258430178787 4.5550731492931185   
177 1239 0.11764367931093563 108.60748725082755 0.008225304667810502 5.0967715868784798e-02 0.07163894717716535 4.553776323885236   
178 1246 0.10900268856481088 108.87171594249926 0.008225304667810502 1.3138162460918491e-02 0.0806610917415195 4.5526462559016565   
179 1253 0.10656772762450802 107.22478802493443 0.008225304667810502 4.5562632064216332e-02 0.07314622320616421 4.555528341009689   
180 1260 0.1084558636845585 128.6345183415298 0.008225304667810502 4.2196477315515166e-02 0.08111165207674567 4.552102608011918   
181 1267 0.13142417400459278 131.294948886714 0.008225304667810502 2.6222297897296295e-02 0.09133087677353101 4.554346385417276   
182 1274 0.12770035104588143 156.7452169286268 0.008225304667810502 4.4201820428009374e-02 0.07061301515531024 4.555213223698171   
183 1281 0.13616783317288916 151.99946510753392 0.008225304667810502 6.2833888022377840e-02 0.09264734955321682 4.555795749526893   
184 1288 0.191117567663826 161.97215061757456 0.0004441785681063013 4.4417856810630130e-04 0.04148556996126214 0.06067749360923838   
185 1295 0.1680861648902421 184.08539011725094 0.0004441785681063013 5.2914825742494419e-02 0.06984064405067979 4.553503279397079   
186 1302 0.1406359070592281 212.71801943988396 0.0004441785681063013 3.2042017595848404e-02 0.07131643785449089 4.553464496747831   
187 1309 0.16911665208821114 217.9532777602207 0.0004441785681063013 4.2367276679520921e-02 0.08496528698403522 4.556926078370707   
188 1316 0.17742009557711694 315.2062148964978 0.0004441785681063013 5.8724249164822218e-02 0.08063909597851147 4.559195798500982   
189 1323 0.1829485993789933 290.86682264477 0.0004441785681063013 4.1989874376240320e-02 0.09301827433326802 0.10145120153253014   
190 1330 0.19084321085412048 317.7469266330106 0.0004441785681063013 6.4577281938877407e-02 0.0840293966715949 4.55287305742206   
191 1337 0.17936053706453484 348.2349680727642 0.0004441785681063013 6.6547978735182020e-02 0.09484834768809915 4.5541176252887166   
192 1344 0.18057838179108687 364.0128561405075 0.0004441785681063013 2.1817920170803622e-02 0.0700037411140723 4.553151516804099   
193 1351 0.15175086979284994 414.97221082152487 0.0004441785681063013 6.8037314689546546e-02 0.08835107753613515 4.553265906733905   
194 1358 0.11801371622563377 406.83818497150367 0.0004441785681063013 7.1292596167240402e-02 0.09262390717742881 4.554835368009637   
195 1365 0.11339694097477873 370.39197529067485 0.0004441785681063013 2.4450494823743986e-02 0.08255413325169941 4.552930446095503   
196 1372 0.12655447880475323 399.71569705903073 0.0004441785681063013 6.3336872831262658e-02 0.08685441717474747 4.5537222390836885   
197 1379 0.11782789046647449 446.15717991203843 0.0004441785681063013 3.9151410341382878e-02 0.0745557960693824 4.554952540135954   
198 1386 0.10509009995300479 430.84341291395054 0.0004441785681063013 4.6493276628395322e-02 0.07882932619485904 0.09061447666241393   
199 1393 0.1025983821271896 455.0924522347727 0.0004441785681063013 5.4057989859704059e-02 0.08807263239402746 4.55472982845615   
200 1400 0.10958972184569296 423.13205459452 0.0004441785681063013 4.5999077227352379e-02 0.08079108669833529 0.09289868572604346   
201 1407 0.09319291265466566 360.72496093001365 0.0004441785681063013 3.9929230834170416e-02 0.07070383407370565 4.555744354282763   
202 1414 0.08276414438832548 318.7694118956734 0.0004441785681063013 3.8633068128755763e-02 0.07072328045781419 4.555372516165991   
203 1421 0.07696833596787861 299.60686454312787 0.0004441785681063013 2.8145990479541909e-02 0.09887950479294498 4.555434306561389   
204 1428 0.06820789323632262 324.91279783469247 0.0004441785681063013 3.7978097160688978e-02 0.06402969740025224 4.552413647433117   
205 1435 0.05645230658648603 312.5667502156829 0.0004441785681063013 6.4957401931178965e-02 0.08825850220549657 4.555988423659236   
206 1442 0.06303760313088906 272.40727621765217 0.0004441785681063013 5.2374683818284286e-02 0.0731908533122038 4.554108103163674   
207 1449 0.05296576292365643 292.2745818313595 0.0004441785681063013 4.3249774852934568e-02 0.07578200441527273 0.09668366028167054   
208 1456 0.051853722455421296 294.02317317052155 0.0004441785681063013 7.6122916105927585e-02 0.08975323874142158 4.55707387495868   
209 1463 0.04843345038216615 368.34324729112654 0.0004441785681063013 3.0961325946342943e-02 0.064849439637955 4.553102090818247   
210 1470 0.03999663934078232 378.42173032399853 0.0004441785681063013 4.8957868872591903e-02 0.07492775072733894 0.09607087535477768   
211 1477 0.031009559365655325 376.8286697222145 0.0004441785681063013 3.8253412465194488e-02 4.552472582208194 4.554278329277809   
212 1484 0.032044549273087856 345.96526600278054 0.0004441785681063013 3.2800408823036954e-02 0.07436359121715354 0.08472969501543591   
213 1491 0.030138266737904314 387.8460699176594 0.0004441785681063013 4.5594351037379778e-02 0.06191043938259364 4.554202608084994   
214 1498 0.02616741587180523 361.7775418908851 0.0004441785681063013 5.7650385729677109e-02 0.09267193966024889 4.555140625461273   
215 1505 0.02862783667664548 364.8090260451739 0.0004441785681063013 1.3687126148403334e-02 0.09846544344505878 4.567760622960043   
216 1512 0.026874660324133666 395.2314276453923 0.0004441785681063013 3.2085215988395650e-02 0.059417569551427234 4.553967446688154   
217 1519 0.03166676531660525 410.030942650983 0.0004441785681063013 5.8683278256486664e-02 0.07696077782688661 4.553580902145811   
218 1526 0.032157129293024445 528.3823656261092 0.0004441785681063013 7.5119920604532556e-02 0.08262964591636122 4.552415033548041   
219 1533 0.033689259379272196 620.7086186269545 0.0004441785681063013 7.0631873976176207e-02 0.08284731635637352 4.57038489273028   
220 1540 0.028771484553827137 707.1384951345482 0.0004441785681063013 4.6256658648777295e-02 0.0763066978826819 4.553844461949463   
221 1547 0.02204488723502471 837.0839251760808 0.0004441785681063013 2.9483797879593210e-02 0.06321095433295311 0.09820086826070883   
222 1554 0.021222243754358078 955.2007583129623 0.0004441785681063013 1.3963213199441184e-02 0.08814672015430015 4.554870241472669   
223 1561 0.024399972578678673 956.015442860433 0.0004441785681063013 1.3525455285976290e-02 0.06446369280264434 4.554835879194883   
224 1568 0.026890736673472304 1189.7105228114078 0.0004441785681063013 4.1113230630285817e-02 0.07489610317309979 4.554483957929785   
225 1575 0.029425795195966675 1106.324425723988 0.0004441785681063013 1.4280946448895507e-02 0.05552764463026604 4.5545459990603705   
226 1582 0.027364605234052233 1070.3603911275989 0.0004441785681063013 6.8399015162800947e-02 0.09628030033238551 4.569481793282009   
227 1589 0.024433343424232336 927.6833869394912 0.0004441785681063013 4.6080741381739967e-02 0.08237748262676263 4.5642743450847245   
228 1596 0.025254571600859813 1029.5671429127244 0.0004441785681063013 2.6921019430867547e-02 0.06812840541296285 4.565673094272755   
229 1603 0.02717522712573083 1048.2054709940003 0.0004441785681063013 5.8731430874159440e-02 0.07172381202128715 4.554070876714746   
230 1610 0.030613495784775423 1091.4058785373595 0.0004441785681063013 4.4069122724913735e-02 0.08967759313272357 4.55399984713319   
231 1617 0.03287866510906879 1060.9251851808187 0.0004441785681063013 4.6379921679410435e-03 0.06021479150822074 4.553450378303022   
232 1624 0.02784535183160545 1007.7955153617572 0.0004441785681063013 3.2826047151165619e-02 0.0950256959215467 4.554446462614014   
233 1631 0.02869683325074862 1092.6424831252496 0.0004441785681063013 2.1406545342093238e-02 0.05166257455890475 4.552344193326203   
234 1638 0.02774241406493797 989.681887496212 0.0004441785681063013 3.1066914694387941e-02 0.0534448081035557 0.08404457690307476   
235 1645 0.030622456135202685 1110.2211513675354 0.0004441785681063013 4.5218829005152769e-02 0.07654825173337611 4.55484817004602   
236 1652 0.03167322864882453 1286.9841433353126 0.0004441785681063013 5.1180445157426223e-02 0.09368789768021198 4.554609708470658   
237 1659 0.04160656975463612 1372.9224634667285 0.0004441785681063013 3.3375508827142943e-02 0.07467206507192536 4.553833303568734   
238 1666 0.04196957345308866 1038.7415215061499 0.0004441785681063013 2.7969575615517481e-02 0.08004400336526991 0.09162169136226399   
239 1673 0.05091997041500798 1062.165090894538 0.0004441785681063013 2.1179896578097296e-02 0.06652085405418383 4.5546111408466405   
240 1680 0.04898728326758363 1231.0355563980713 0.0004441785681063013 4.4234491917521851e-02 0.06802235906839967 4.553615507083385   
241 1687 0.0477521554084645 1201.0338378338683 0.0004441785681063013 3.1676411942460639e-02 0.06954177298444418 0.08318139984584585   
242 1694 0.04888458159621049 1338.220819724612 0.0004441785681063013 3.7891159849799357e-02 0.07839793992321116 4.553678558098893   
243 1701 0.04929301369795354 1351.0072864615977 0.0004441785681063013 2.6713646253318596e-02 0.07109996228740159 4.553349362512642   
244 1708 0.051554494774923645 1510.0644783684795 0.0004441785681063013 3.4207480025441724e-02 0.07404969551218878 0.09872409647033291   
245 1715 0.044449020739122685 1717.9920161950756 0.0004441785681063013 4.6439971286366351e-02 0.08039344469738555 4.555794181721492   
246 1722 0.04035631351908318 1694.4749413831612 0.0004441785681063013 4.6608589370685752e-02 0.0956246782861933 4.56913197842165   
247 1729 0.049966138084903265 2089.419915165973 0.0004441785681063013 6.6822381689273139e-02 0.07383770382896054 4.567999072343197   
248 1736 0.047483280062259915 2897.082666497009 0.0004441785681063013 8.0700620859838104e-02 0.08970508368174686 4.553686695815276   
249 1743 0.043902643322890865 3218.491464691258 0.0004441785681063013 1.4436495276019161e-02 0.07730937381880734 4.554653759591555   
250 1750 0.0546353236138787 3240.9752349773075 0.0004441785681063013 6.1226902801341590e-02 0.08247259377392752 4.5546349459546605   
251 1757 0.0458832545915181 2689.0048572225046 0.0004441785681063013 3.8320410384532287e-02 0.07415892471427804 0.09998440562135298   
252 1764 0.04657981967477278 2878.7450500219165 0.0004441785681063013 5.5162837045321184e-02 0.08276110365968259 4.5685329149831455   
253 1771 0.04440718935291737 3225.9595713151375 0.0004441785681063013 3.4620961418577317e-02 0.07258108829854393 4.55435141785723   
254 1778 0.040722960951663195 2784.821910723403 0.0004441785681063013 3.8001479304281126e-02 0.08874570283595977 4.554416201103937   
255 1785 0.05346681119306512 3709.0147180790486 0.0004441785681063013 3.4590456446184928e-02 0.07975269063353171 4.5556177746828235   
256 1792 0.04626498410866863 5347.4084619402365 0.0004441785681063013 3.3328946886171204e-02 0.08188338971913622 4.5533942890013925   
257 1799 0.037129924154814024 5596.5866776020675 0.0004441785681063013 5.2533111324036340e-02 0.0740933756034647 4.551972526321474   
258 1806 0.03127523727459725 5258.5364155402285 0.0004441785681063013 7.2947652662205167e-02 0.07898201414551918 4.55476222120115   
259 1813 0.02485745178982451 5869.964519698153 0.0004441785681063013 7.9917263684728762e-02 4.5535248609527565 4.566455455198599   
260 1820 0.032065946688014504 6535.130376306982 0.0004441785681063013 2.2760275978631690e-02 0.054000286541122454 0.08011820200750709   
261 1827 0.04387181357056708 4161.642404661224 0.0004441785681063013 6.4431775128019675e-02 0.07763037912345441 0.08937394358136638   
262 1834 0.04594755690225198 4500.49013515276 0.0004441785681063013 3.6994961922370721e-02 0.07050109574921032 4.553919922820851   
263 1841 0.04888028192414905 4324.10118946288 0.0004441785681063013 5.0760207731303283e-02 0.0855630185139486 4.552896088728983   
264 1848 0.05372521674177441 4107.7444912357605 0.0004441785681063013 9.2267588427998301e-02 0.09865504336614754 4.5716669053077394   
265 1855 0.06536641342957664 3646.794153252877 0.0004441785681063013 5.6187142783922416e-02 4.5536586937773835 4.569003866707285   
266 1862 0.05472408623440835 3263.518747150179 0.0004441785681063013 3.5142684998632795e-02 0.08487579108728065 0.09502279982404194   
267 1869 0.05492118509703783 3274.345128908539 0.0004441785681063013 5.1449755807986004e-02 0.08007987583214532 4.55622791943369   
268 1876 0.06416024043898634 3121.6436111852113 0.0004441785681063013 4.7722655984823052e-02 0.09304643508199432 4.556255838438521   
269 1883 0.06901558566603401 3445.275416989414 0.0004441785681063013 4.9311819260137786e-02 0.06859223951314179 0.09120974417697213   
270 1890 0.06676347501535768 3620.8268821707256 0.0004441785681063013 3.5054007961777663e-02 0.06159933040131516 0.08541703953888516   
271 1897 0.05216809915884631 3620.0669417017434 0.0004441785681063013 4.6076683496141031e-02 0.08947895270327103 4.555518868955543   
272 1904 0.049556746013614525 4086.746911638723 0.0004441785681063013 5.6883911389440413e-02 0.09062637195771148 4.555826206051555   
273 1911 0.04658764151753557 3580.481954989513 0.0004441785681063013 4.2130508881797882e-02 0.07896530760446548 0.10111662140670381   
274 1918 0.04116801466376271 4750.140571542404 0.0004441785681063013 4.3100279374709054e-02 0.07515856450936213 4.554659526014164   
275 1925 0.03571028107644981 4580.029526376901 0.0004441785681063013 2.6829008010185309e-02 0.07359738969116511 0.09361710148467983   
276 1932 0.0366570390400457 5111.536995799533 0.0004441785681063013 5.9389771033658223e-02 0.08425722123058756 4.554947613615235   
277 1939 0.03332400938051415 6137.180491214337 0.0004441785681063013 5.2529203904468760e-02 0.0953198606110967 4.5539231018426145   
278 1946 0.032709225223769615 7457.467563469974 0.0004441785681063013 5.3875276290551562e-02 0.08595712953855068 4.555432742666416   
279 1953 0.03251951365185818 8608.978579246133 0.0004441785681063013 5.1165007077534401e-02 0.06787891537360634 4.554568860842571   
280 1960 0.027543924580498647 8805.280154119482 0.0004441785681063013 2.6982646049872723e-02 0.09111625017479531 4.553282604474079   
281 1967 0.02228484223800006 7929.0676499664405 0.0004441785681063013 4.1875782834861659e-02 0.07144483319420306 4.567233739820537   
282 1974 0.017152799306686582 9163.204858629688 0.0004441785681063013 2.7426267008759789e-02 0.06249652141550709 0.07999531790130754   
283 1981 0.014840072685641616 9262.96993756596 0.0004441785681063013 4.1300333594817829e-02 0.08048002204517517 4.553082259079236   
284 1988 0.01471259333949997 8860.599397721417 0.0004441785681063013 5.6953327647826221e-02 0.06669729635354343 4.554653765108058   
285 1995 0.012592140845312221 9058.715956905839 0.0004441785681063013 6.6439908765164438e-02 0.09298068497423519 4.555088146445152   
286 2002 0.010942383942970898 8450.7828215219 0.0004441785681063013 5.7480301801460291e-02 0.08217570497435978 0.08630984345504837   
287 2009 0.010116675224007724 7761.310924002134 0.0004441785681063013 5.3787727836849361e-02 0.09428401268816029 4.554020557446991   
288 2016 0.01187786055284108 7989.550831979869 0.0004441785681063013 3.3095342753601750e-02 0.06787759614111313 4.5533303187088965   
289 2023 0.012740568867122715 9823.896248133658 0.0004441785681063013 6.6259298778744674e-02 0.0719211411369447 4.554307717423055   
290 2030 0.01576393488533968 11268.582939117694 0.0004441785681063013 2.8241551907142212e-02 0.0699949566125996 4.554489982066934   
291 2037 0.01944456660616721 12512.470001382844 0.0004441785681063013 5.1338167359963612e-02 0.09099488566411928 4.553845267120135   
292 2044 0.019725095536966993 12708.886325846632 0.0004441785681063013 5.7451955845647856e-02 0.08083024070181925 4.554198502924002   
293 2051 0.015088192234241776 12889.794382305414 0.0004441785681063013 3.1180849622671314e-02 0.06483029002836645 0.09900655670719398   
294 2058 0.012521631122358292 14625.501612256121 0.0004441785681063013 4.9559382948343174e-02 0.06402977307426301 4.553665803148475   
295 2065 0.0110538012802207 15721.414287573258 0.0004441785681063013 5.4473485384026868e-02 0.08876374808090255 4.5568061503128865   
296 2072 0.00983840322550306 14739.23988007594 0.0004441785681063013 4.4248783715060393e-02 0.08252418231382372 4.554694174573092   
297 2079 0.009980536874131331 15514.139567924563 0.0004441785681063013 2.4937013521192295e-02 0.06636909647504353 0.08988277925715149   
298 2086 0.010007863051342767 15363.275550492162 0.0004441785681063013 2.7906728168411832e-02 0.08109732488601903 4.552955169713373   
299 2093 0.00888026465006999 18236.616862181 0.0004441785681063013 3.9627400005580730e-02 0.07733976613791103 0.08769968494667263   
300 2100 0.008675829623097582 22799.34895160219 0.0004441785681063013 6.9559744001945825e-02 0.08079967428078218 4.553837485342871   
301 2107 0.01076402435044864 25619.349196948206 0.0004441785681063013 5.6913646889079725e-02 0.07349994783251268 0.09139640333637317   
302 2114 0.011738736784876542 32793.062727177276 0.0004441785681063013 3.5910473882018540e-02 0.05311440569221729 0.08264875487884783   
303 2121 0.012767925998683604 31936.113894188537 0.0004441785681063013 4.5560014452527338e-02 0.0924220146761603 4.553747887421704   
304 2128 0.012246104704446877 33308.17340895283 0.0004441785681063013 5.7753009918387055e-03 0.08718115163882274 4.554138788915678   
305 2135 0.012146000473946414 36930.74467618244 0.0004441785681063013 3.6856432521291803e-02 0.075968465305847 4.552049335962268   
306 2142 0.009441948164918886 37110.68375439496 0.0004441785681063013 4.4937421676326139e-02 0.0891875345106318 4.555051462161547   
307 2149 0.010333172208263288 39288.53171449147 0.0004441785681063013 7.1350294073789899e-02 0.08388237032823749 4.553511485037356   
308 2156 0.009534790718993469 43429.636995193105 0.0004441785681063013 2.7498872675553367e-02 0.08405749643747244 4.553727221348411   
309 2163 0.01195078833046613 46379.24877106194 0.0004441785681063013 4.0167051425403090e-02 0.07622774875556848 4.554134738433618   
310 2170 0.009732495847106259 54113.50501174847 0.0004441785681063013 6.1240162595701107e-02 0.09004020479116011 0.10092872452812461   
311 2177 0.010335489561656929 69049.21117608261 0.0004441785681063013 7.5480128852646461e-02 0.10468167276890512 4.553996687425142   
312 2184 0.008267946813944693 75075.22357266513 0.0004441785681063013 7.8231804369989499e-02 0.09929048531865334 4.55589096871411   
313 2191 0.007328412905109059 71387.29952893699 0.0004441785681063013 3.8013181949757203e-02 0.08057816520781268 4.553193120376252   
314 2198 0.006595941530684998 73278.70152686004 0.0004441785681063013 6.0242000155781551e-02 0.08896563146243855 0.10066667589965694   
315 2205 0.006800049802650021 75725.83777067409 0.0004441785681063013 6.0102332893973903e-02 0.0664313185992037 0.11206287675678286   
316 2212 0.00562578811668286 80818.5804335395 0.0004441785681063013 6.1252241284196832e-02 0.07765445652985811 4.553502551300346   
317 2219 0.005354765984404503 75333.46234840156 0.0004441785681063013 2.8034289990773495e-02 0.05345935514002744 0.09097021373748587   
318 2226 0.005243786098562296 82224.66264298433 0.0004441785681063013 4.7234785965157344e-02 0.05892705880250157 4.555013552996675   
319 2233 0.004422066097376612 89676.135485502 0.0004441785681063013 1.8216094939027035e-02 0.04582230183361191 4.5548906241637415   
320 2240 0.004065785212798392 86674.13726789338 0.0004441785681063013 5.8547893921773723e-02 0.0747777397835486 4.556504366165737   
321 2247 0.004834190901817004 80895.41752939357 0.0004441785681063013 4.8870447634956515e-02 0.07197380770612011 4.551448239412834   
322 2254 0.004629903001861215 85642.21771635847 0.0004441785681063013 4.4619335079083909e-02 0.08862653624871283 4.5551316886765765   
323 2261 0.004636539672210877 87233.02948884692 0.0004441785681063013 5.7594183463254338e-02 0.07175049995071228 0.10447307870240799   
324 2268 0.00444864965892447 110497.77369050801 0.0004441785681063013 5.8087420298252854e-02 0.08794727017771838 4.554758704743769   
325 2275 0.00445889672795296 123560.39355910965 0.0004441785681063013 5.8638914951500656e-02 0.08424964234359103 4.555061587375156   
326 2282 0.003911317205570781 111634.61908020102 0.0004441785681063013 3.7689934277790410e-02 0.061233967541806926 4.554544690383595   
327 2289 0.004536066238849633 91795.60745555577 0.0004441785681063013 8.0867043343237480e-02 0.08950635902347485 4.553380525317557   
328 2296 0.0037037666962923253 76267.0615987095 0.0004441785681063013 3.3379981428022017e-02 0.08824247580204361 4.554201492065074   
329 2303 0.003772857024880612 90496.72019180933 0.0004441785681063013 5.1509525231560882e-02 0.0810168006246853 4.553498171255657   
330 2310 0.00376559603083694 85835.6123945015 0.0004441785681063013 5.0342906181687852e-02 0.08489489361081312 4.553092514016909   
331 2317 0.0032335339948672283 84581.87211041835 0.0004441785681063013 4.2377479243228842e-02 0.08781995329800603 4.55288658354581   
332 2324 0.002915752375561827 103854.00218987874 0.0004441785681063013 1.5053819053419031e-02 0.0842935232075326 4.5547507904219495   
333 2331 0.00252660794048259 117422.80057291873 0.0004441785681063013 4.3483694515754824e-02 0.0812743779228187 4.555027563796726   
334 2338 0.0026064338864568914 119898.9006334037 0.0004441785681063013 3.1605463995473600e-02 0.08382222040415571 4.555546030924269   
335 2345 0.003558948594524397 120782.87759475037 0.0004441785681063013 2.2574160984281107e-02 0.06570798940152349 4.554678522587717   
336 2352 0.0036839749427335596 100164.84836528428 0.0004441785681063013 5.3822024912301224e-02 0.07970146297124173 4.555036645070744   
337 2359 0.00400091601957245 94894.55611210309 0.0004441785681063013 6.0941197744692484e-02 0.09521829256118149 4.553996176131959   
338 2366 0.0034763782499040944 89912.25304984415 0.0004441785681063013 4.2780379907990621e-02 0.05168900920071725 4.554621627429517   
339 2373 0.0028716034482681005 76624.08281124347 0.0004441785681063013 3.3550428736994625e-02 0.0739134262023943 0.08156998324521982   
340 2380 0.0025568319982832723 79387.87918110291 0.0004441785681063013 1.5250718574054366e-02 0.06505489186027645 4.553389857467643   
341 2387 0.002190636073810275 74735.1951132263 0.0004441785681063013 4.5538470259774873e-02 0.07947620990669138 0.09783448449244406   
342 2394 0.0021080364275348627 88268.68666045963 0.0004441785681063013 5.7827497962888968e-02 0.08525130263123107 4.554472627782964   
343 2401 0.0016674339043687085 83913.67788670563 0.0004441785681063013 2.9116524851520584e-02 0.0732256595318555 4.567480158550856   
344 2408 0.001925162428230063 85895.07237344122 0.0004441785681063013 6.5176079669198875e-02 0.08497257554349248 4.552274014991725   
345 2415 0.001856881377387526 64227.238197503524 0.0004441785681063013 1.0796792510290724e-02 0.05896946046040467 4.553971857798855   
346 2422 0.002496260655305006 63256.320643494924 0.0004441785681063013 6.7854970501168954e-02 0.09783152979301814 4.554108573730626   
347 2429 0.0026745153454338154 72557.5129416152 0.0004441785681063013 7.2588992457103096e-02 0.07824644843020762 4.5526977125800165   
348 2436 0.002443139426586339 73557.89817992206 0.0004441785681063013 5.4690366201104380e-02 0.07904775457269697 4.552435837823309   
349 2443 0.002494279260337219 81242.67932805482 0.0004441785681063013 1.6273719114912707e-02 0.06580155439830554 0.09126573620159754   
350 2450 0.0028194432381170417 63239.41663550163 0.0004441785681063013 5.5155039022953753e-02 0.0891184378373393 4.557552546251273   
351 2457 0.003449764996596952 65289.01717645223 0.0004441785681063013 3.5270760743147285e-02 0.0860313143193498 0.10196234479829154   
352 2464 0.003879534765814205 69117.19323354163 0.0004441785681063013 4.4700687188449835e-02 0.069149288554193 0.10173944013616062   
353 2471 0.0036323935170107994 70787.48396309135 0.0004441785681063013 1.4360652633912683e-02 0.06944051650593303 4.553122025171648   
354 2478 0.003014161894854775 75381.93637986065 0.0004441785681063013 3.0979856187451315e-02 0.0884027722353876 4.553372517897552   
355 2485 0.003143451632212163 83359.49948535374 0.0004441785681063013 3.8909318377981866e-02 0.07612729591493154 4.553689972519958   
356 2492 0.0028173724892733777 69704.0652639226 0.0004441785681063013 4.9051457685586677e-02 0.0615996674783841 0.07824944267171252   
357 2499 0.0025303307780979844 74842.87937160698 0.0004441785681063013 5.8431374507561954e-03 0.046920166062117706 4.5547158537947245   
358 2506 0.002604851077395066 59555.30210627695 0.0004441785681063013 3.9085273951949093e-02 0.08946085527152875 4.553678678100352   
359 2513 0.0024043226224625142 78259.49981580573 0.0004441785681063013 4.2930598407559625e-02 0.0843315009934914 4.5541028175598175   
360 2520 0.0028617764162961966 88694.20562422546 0.0004441785681063013 6.3810854189904162e-02 0.08664802617127002 4.5553827975495516   
361 2527 0.0033510677328261827 98346.94038252957 0.0004441785681063013 3.1969902724861714e-02 0.0934853352827642 4.554140910299112   
362 2534 0.0032232828648732694 97421.11408764341 0.0004441785681063013 2.5257576795405832e-02 0.06727602562260837 4.566977136411698   
363 2541 0.0034299359064127928 94955.41942598739 0.0004441785681063013 5.4262814533464217e-02 0.09112216003612865 4.554648502509665   
364 2548 0.002959001381583351 98403.06600287335 0.0004441785681063013 5.3975834274974675e-02 0.07915004519042046 4.553393082461955   
365 2555 0.0034895580482870773 100001.70291824447 0.0004441785681063013 4.7156029904846325e-02 0.07208202022992122 4.553476855951023   
366 2562 0.0030545712444226283 83734.79185375043 0.0004441785681063013 4.8099326820322738e-02 0.0710836740702818 0.09278379468935834   
367 2569 0.0026728310932993184 84661.26786914263 0.0004441785681063013 1.8317985506436606e-02 0.0673020132614212 4.553371419666679   
368 2576 0.00296725131053905 76996.5316026299 0.0004441785681063013 2.4025040245949449e-02 0.0850807325115013 4.554712995050208   
369 2583 0.0034967070035421804 76559.1247051267 0.0004441785681063013 3.8110449392376219e-02 0.09096065164112259 4.553096419588745   
370 2590 0.004160226912926088 74203.85446861295 0.0004441785681063013 5.4652192839810057e-02 0.0749490991059578 4.556119534014536   
371 2597 0.004119882033307927 62350.646618826264 0.0004441785681063013 6.9066910105976695e-02 0.08354234288233765 4.555695019623574   
372 2604 0.003323980771998944 57777.125854967075 0.0004441785681063013 7.0775335512238122e-02 0.09290464121099754 4.553756951263722   
373 2611 0.002971696368445252 70479.43662983994 0.0004441785681063013 4.3995248457877389e-02 0.07067641402039929 4.553798070769902   
374 2618 0.0024227326503842264 86753.58294742097 0.0004441785681063013 4.5060585581199838e-02 0.08105353953454109 4.553054391731615   
375 2625 0.0025047034225003898 82567.39842819062 0.0004441785681063013 3.0917366703615164e-02 0.05838319687909124 4.5547633815395745   
376 2632 0.0025567570934670954 98703.59854528448 0.0004441785681063013 5.3446262579721578e-02 0.08120179753678669 4.554999702837506   
377 2639 0.0032742395531684724 112814.1094310484 0.0004441785681063013 6.3272653304384197e-02 0.07709418139303867 4.554762454104053   
378 2646 0.0035054854926580767 151305.0856810846 0.0004441785681063013 3.5436157112091075e-02 0.10138617145803303 4.569717463723558   
379 2653 0.004038316980096984 159575.0793527156 0.0004441785681063013 2.8532812675976772e-02 0.09536097685414148 4.556580963062009   
380 2660 0.0053974527444571015 149516.96484396738 0.0004441785681063013 3.8134186179688688e-02 0.0847862918035117 4.555387229178708   
381 2667 0.0064960636104988674 163444.41770403704 0.0004441785681063013 7.6170946217369098e-02 0.10106804436313113 4.554950097595641   
382 2674 0.005221940037829059 183694.02303909813 0.0004441785681063013 4.6379678053373188e-02 0.08621863684811049 4.55464201794139   
383 2681 0.004245502258582278 169383.26140084886 0.0004441785681063013 4.3094396366945308e-02 0.06833698140236928 4.555940731578942   
384 2688 0.003768734945550108 146270.24837440508 0.0004441785681063013 6.8481614541264876e-02 0.08472776850457094 4.555463255586498   
385 2695 0.0038133049831368783 151586.13378518337 0.0004441785681063013 5.5991814131272945e-02 0.06762086029570812 4.5536155065384305   
386 2702 0.005265336221497969 165115.4325832139 0.0004441785681063013 6.5869203669722529e-02 0.0840372043944156 4.5539618013282075   
387 2709 0.005233339270640264 154546.74778859824 0.0004441785681063013 8.0597476046630090e-02 0.09689040341738549 4.569965530570058   
388 2716 0.0055852837613338665 168402.41392013407 0.0004441785681063013 3.6998291428151503e-02 0.06785797748971205 4.5534631182450775   
389 2723 0.007552356215203792 211296.59707697926 0.0004441785681063013 5.2504519001498287e-02 0.06874714019657595 4.553973522807067   
390 2730 0.007321462612888224 200198.11156744836 0.0004441785681063013 4.7391140942025019e-02 0.0779828880221464 4.554520819179469   
391 2737 0.006330218605744882 224888.67943747205 0.0004441785681063013 3.3875081804976226e-02 0.059773406756612135 4.554008147177115   
392 2744 0.00767717626718639 277874.43295642576 0.0004441785681063013 4.5807873692749641e-02 0.07442595938637943 4.554484313749432   
393 2751 0.008370989710241123 282992.8022960561 0.0004441785681063013 4.8748496581196323e-02 0.07101683137220113 4.5539896662137425   
394 2758 0.009339204666305381 320348.62590231444 0.0004441785681063013 5.8900997301472573e-02 0.09444558004602527 4.555812536753767   
395 2765 0.010530286682578766 389505.8297273813 0.0004441785681063013 5.3529251956447470e-02 0.07617994390948168 0.09080122448494168   
396 2772 0.011844541423378908 453666.92769332964 0.0004441785681063013 4.3160231916664085e-02 0.06973881349616286 4.553981323703969   
397 2779 0.01818484623561438 508624.50462837826 0.0004441785681063013 3.4375537050499977e-02 0.07704563346248197 4.553783982552471   
398 2786 0.018030968744874996 631260.237551835 0.0004441785681063013 3.4762590042723820e-02 0.08235492563417171 4.55461838581694   
399 2793 0.022490520923993174 668887.2896709186 0.0004441785681063013 3.2355162400284201e-02 0.08521964780020332 4.555761636797907   
400 2800 0.022906888649808478 682014.0529030965 0.0004441785681063013 1.3856752180209516e-02 0.05658617917274502 4.553268135515568   
401 2807 0.02747593179842191 621893.8691794638 0.0004441785681063013 2.8385459411303337e-02 0.08871315404061438 4.554401927630621   
402 2814 0.02782831197844143 728021.9493535219 0.0004441785681063013 3.3225412929125307e-02 0.05456358739406952 4.554356677431649   
403 2821 0.02812271137453197 794114.9630122798 0.0004441785681063013 5.9541951000311476e-02 0.08853938314566447 4.554230197706665   
404 2828 0.022661085102751763 820334.4156110253 0.0004441785681063013 4.4496599537331372e-02 0.07163158108970952 4.553938242665343   
405 2835 0.02538648616337065 794339.1618531583 0.0004441785681063013 1.9179375286896620e-02 0.08845127819662814 4.555757413600518   
406 2842 0.029755274932062543 672630.0178837436 0.0004441785681063013 4.1085224230866191e-02 0.08170537385152522 4.556320577462404   
407 2849 0.026453835716501697 552460.3893905829 0.0004441785681063013 5.1733166899107771e-02 0.08028591779184746 4.553155459713296   
408 2856 0.025902836377620045 595188.5876725677 0.0004441785681063013 4.7701234374435048e-02 4.553065954861371 4.573017791183295   
409 2863 0.023856000785141915 620590.2266263681 0.0004441785681063013 7.0682268578950103e-02 0.08525407561691944 4.555792500672849   
410 2870 0.022400534124685366 769951.514222691 0.0004441785681063013 2.5588179188854226e-02 0.062332514375289735 4.552648844597824   
411 2877 0.02176148512588472 754291.9756899724 0.0004441785681063013 2.3426494861261672e-02 0.05891655689563944 4.552867505926772   
412 2884 0.023299635104789617 805652.5518455653 0.0004441785681063013 5.4376810577115055e-02 0.0861480721535777 4.554162776480707   
413 2891 0.029223154957646148 552249.2302424384 0.0004441785681063013 5.7954138672382992e-02 0.08041816831884707 4.552959266545948   
414 2898 0.03105459866664198 585390.0993408802 0.0004441785681063013 1.3446881618041938e-02 0.06542058348153369 4.552875580366308   
415 2905 0.03353918175255411 727798.1893179585 0.0004441785681063013 3.3478636047084988e-02 0.08289977011246409 4.570651520706683   
416 2912 0.030508038194253306 860952.2617293003 0.0004441785681063013 7.8346186480348773e-02 0.09266336402882559 4.553285944227857   
417 2919 0.03395326540944852 856193.044666939 0.0004441785681063013 3.0639532577372328e-02 0.09277574286264094 4.5552391525292135   
418 2926 0.02842835404604518 962861.9797861798 0.0004441785681063013 7.0783418448059077e-02 0.07889684397159176 4.552604880055535   
419 2933 0.02375280541529432 1106155.4230066016 0.0004441785681063013 6.3074277805114751e-02 0.07976359709679201 4.554110965778253   
420 2940 0.018866694141392193 1.0000333338888951 0.0004441785681063013 5.3444772423441686e-02 0.08290845076118697 4.553948673918937   
421 2947 0.016639857307667077 1.1355590699979625 0.0004441785681063013 6.8072716487899435e-02 0.08728716273197579 4.556130822671505   
422 2954 0.014583579658881192 1.4128394398323225 0.0004441785681063013 3.7154744571496826e-02 0.0675476433185725 0.11468733796611169   
423 2961 0.014931432659573366 1.4945625217524556 0.0004441785681063013 5.8931797211587894e-02 0.08474293914729539 4.572737901605809   
424 2968 0.015349362639704617 1.5177853379236725 0.0004441785681063013 3.4231386693475994e-02 0.07539835407803715 4.553696770738194   
425 2975 0.020555314604338105 1.5065562380049429 0.0004441785681063013 4.5526024200214725e-02 0.07374765314240819 0.08055144334445194   
426 2982 0.021100229358335495 2.2621847709260434 0.0004441785681063013 3.4637647618178447e-02 0.0786139343357334 4.552091371684934   
427 2989 0.025979802436458813 2.373074517679793 0.0004441785681063013 6.0275365575861092e-02 0.07363801554728512 4.552985198774131   
428 2996 0.02288635429285302 2.9681079867705122 0.0004441785681063013 4.0574953489616164e-02 0.07780418919077202 4.553115447013535   
429 3003 0.023041205941876676 3.1519325356097485 0.0004441785681063013 3.5824104377313183e-02 0.08539430576747827 4.5541138075449386   
430 3010 0.036327577707342164 2.8361442387534495 0.0004441785681063013 3.7956696835975447e-02 0.08916063154564564 4.55476544448274   
431 3017 0.0309262186179111 2.925146370032251 0.0004441785681063013 2.7011606166082874e-02 0.06917119409999599 4.552724495443088   
432 3024 0.029906076017978157 2.759003872572125 0.0004441785681063013 1.2428935341799103e-02 0.04903142947952122 4.55290628112328   
433 3031 0.02947501718342809 3.4146493912011446 0.0004441785681063013 3.2903760611011981e-02 0.07519961339833943 4.5554897240990195   
434 3038 0.039281279275963185 3.075087468623198 0.0004441785681063013 3.7570555633094832e-02 0.05850178817613291 4.554061448162665   
435 3045 0.042333234912018465 2.1764804057762657 0.0004441785681063013 3.3229008005875575e-02 0.054020419074423315 4.553894321143188   
436 3052 0.042986559809788084 2.4900740707801594 0.0004441785681063013 6.9831418851260901e-02 0.07437379838607792 0.07796769176376789   
437 3059 0.06091156590449827 2.650190468023187 0.0004441785681063013 3.9094012804926255e-02 0.05652869675425992 0.060620839995273554   
438 3066 0.09111359993291485 2.6201640808538196 0.0004441785681063013 8.6028505135240227e-02 0.09487345027122948 4.554043709373352   
439 3073 0.10762181501664665 2.857724118371532 0.0004441785681063013 5.0435039062706417e-02 0.08439037396534911 4.557380820404885   
440 3080 0.11866285561337633 3.042468824755298 0.0004441785681063013 3.8828614849039399e-02 0.06692703651522137 4.555042236088248   
441 3087 0.13623926472164752 3.106736241136993 0.0004441785681063013 6.0916621548157107e-02 0.082280457329032 4.555978942443074   
442 3094 0.14083342494506543 3.2251993221984026 0.0004441785681063013 3.8748105001582107e-02 0.06925940388614767 4.553789299103213   
443 3101 0.13243773079764473 3.149335107118811 0.0004441785681063013 4.6821574141726198e-02 0.07594240670900045 4.553732193726232   
444 3108 0.14103656648320873 3.4086662950678956 0.0004441785681063013 7.7163222136716336e-02 0.08525060695364726 4.554715449511297   
445 3115 0.1352895520826029 3.4524924372883965 0.0004441785681063013 2.5642132043171176e-02 0.05785549242604475 0.08651884974023122   
446 3122 0.12142727169395649 3.921434921149991 0.0004441785681063013 3.4448993737105194e-02 0.09147311376203719 4.555939174953958   
447 3129 0.12935154061117982 3.434008553533944 0.0004441785681063013 2.9849289902721347e-02 0.08667835018644715 4.554798257083759   
448 3136 0.166421987088349 3.976671208742418 0.0004441785681063013 5.6817600436691824e-02 0.10472024656498699 4.570754759379014   
449 3143 0.20509790661735028 4.550467914868703 0.0004441785681063013 4.7223895230907052e-02 0.08515840444615205 4.5554386399723885   
450 3150 0.18506331861341865 4.178288681908032 0.0004441785681063013 3.0617880450311580e-02 0.07729081257798462 4.553393503160538   
451 3157 0.17164123016151242 4.1461511548170025 0.0004441785681063013 2.6980474351335604e-02 0.0803320722579309 4.554447253943648   
452 3164 0.16793105494325444 5.1254382259177715 0.0004441785681063013 3.1950314301499846e-02 0.0795443865974679 0.09826084050228986   
453 3171 0.16700501272709137 5.009001297110424 0.0004441785681063013 2.6982312878109420e-02 0.09219658682254554 4.555649698741302   
454 3178 0.182963797112073 4.879692706955468 0.0004441785681063013 5.8098727516148044e-02 0.07225598327654598 4.556015251165564   
455 3185 0.18754777679674778 5.42738152070242 0.0004441785681063013 4.0483558848636941e-02 0.08046464578432465 0.09349895158173493   
456 3192 0.17264834348516617 5.7482638144558065 0.0004441785681063013 6.0475834252133556e-02 0.08759937381974442 4.552656639254404   
457 3199 0.2062600288000333 6.098985517710833 0.0004441785681063013 6.1489617998733814e-02 0.0866433131197221 4.553830427190955   
458 3206 0.18404388214929215 6.3344815287656955 0.0004441785681063013 6.3025098149624606e-02 0.08744310476111589 4.5562155537411035   
459 3213 0.1829286987667618 6.284729801720792 0.0004441785681063013 4.9963245822416118e-02 4.554114398610648 4.557125752374919   
460 3220 0.14607787665897803 6.154066173192734 0.0004441785681063013 5.5725776756870564e-02 0.06106620364989335 4.554882129056733   
461 3227 0.12093548529208026 6.441676693455341 0.0004441785681063013 5.4640997405765689e-02 0.07451870684620379 0.09840487674144273   
462 3234 0.11370491536009104 8.046772538382161 0.0004441785681063013 6.4429400927725103e-02 0.08039875390161516 4.5551554782493   
463 3241 0.09630607657320453 8.327791091428535 0.0004441785681063013 5.2136565918955859e-02 0.08365633419062227 4.554158893610851   
464 3248 0.09509145464320114 7.179503753296822 0.0004441785681063013 6.5724645041316074e-02 4.553299640621886 4.555076760741916   
465 3255 0.08120248411125791 8.56968644454802 0.0004441785681063013 7.6232338499853947e-02 0.10434363826887559 4.554595937943041   
466 3262 0.06646320808939996 7.954085237580906 0.0004441785681063013 7.0431441831588795e-02 0.1001937073169324 4.5573685615609705   
467 3269 0.06653250181197459 8.659833960061476 0.0004441785681063013 5.8001513112134265e-02 0.08138695184334237 0.0940775921981956   
468 3276 0.06299610623776278 8.916756054530346 0.0004441785681063013 3.3484795347401189e-02 0.08464900424224543 4.566207177813798   
469 3283 0.06620383177057312 7.4231889666928845 0.0004441785681063013 6.8527990270469755e-02 0.08566342920050736 4.554937062852343   
470 3290 0.08596144241983697 6.4073810055337495 0.0004441785681063013 5.6471517141594971e-02 0.07110449800418288 4.553010649085118   
471 3297 0.0983010654966066 4.875093521951341 0.0004441785681063013 4.9665812411865726e-02 0.07846191741193934 0.09623039375854753   
472 3304 0.10711023751906684 4.89791531329114 0.0004441785681063013 4.8582540817243842e-02 0.07036243945265581 4.557183759791496   
473 3311 0.10804584883118923 4.73960100367419 0.0004441785681063013 6.4750774168852179e-02 0.08218638343619926 4.554597347293825   
474 3318 0.10361976268392564 4.693510376340476 0.0004441785681063013 4.5092361363700262e-02 0.08261019565786715 0.10903689198636181   
475 3325 0.10799800421638447 4.9729994052803255 0.0004441785681063013 7.3174706338465970e-02 0.08881131280966773 4.555456520113515   
476 3332 0.15299992992535527 5.8462118552978675 0.0004441785681063013 3.0389896094587296e-02 0.07617464697292796 4.553634125409439   
477 3339 0.17276977794811046 6.194454907048322 0.0004441785681063013 4.6168132427817643e-02 0.07752433131142544 4.556563303692327   
478 3346 0.2602075640917994 6.8995491362326105 0.0004441785681063013 6.7034031087839702e-02 0.08770008965254178 4.556025710284507   
479 3353 0.25580777805224036 8.273276572166928 0.0004441785681063013 7.1787040654802486e-02 0.08213797224225287 4.5711232103188575   
480 3360 0.25697875630657757 6.987248239714108 0.0004441785681063013 6.9343444978507154e-02 0.07890244043412953 4.553347969097785   
481 3367 0.24451298053829226 6.698002697337884 0.0004441785681063013 4.9983226888246780e-02 0.08221990661258266 4.554866385666182   
482 3374 0.32245249999182046 6.101522049614003 0.0004441785681063013 3.6546077818686046e-02 0.08234224851983944 4.5524921214821426   
483 3381 0.27935131092179655 5.818963741352822 0.0004441785681063013 4.6321551788518385e-02 0.060943531603973304 0.08958770962778276   
484 3388 0.224659995423673 5.238993594364455 0.0004441785681063013 3.8851856178952066e-02 0.08488387879405382 4.553686037386527   
485 3395 0.18680983603752085 6.4283807598856795 0.0004441785681063013 7.0100133686237701e-02 0.08840886261475246 0.09819428069604344   
486 3402 0.15349891478183245 5.402025345196757 0.0004441785681063013 6.5038242743692687e-02 0.07873874951470006 4.554562852031906   
487 3409 0.11907615827189968 5.3676543811357655 0.0004441785681063013 5.5730711104994252e-02 0.08876894174006528 4.554028511403155   
488 3416 0.10803756817869377 5.3686647935546805 0.0004441785681063013 4.2238763899087872e-02 0.08030282090538295 4.553491774966377   
489 3423 0.11355000527547196 5.3970845428502265 0.0004441785681063013 5.9872358929783057e-02 0.07800879702209469 4.553905492188413   
490 3430 0.11928075827962277 7.356157382497 0.0004441785681063013 4.7476416630689799e-02 0.07992817288790162 0.08926185741610941   
491 3437 0.1281179379532325 6.810671406715453 0.0004441785681063013 6.6266022261901508e-02 4.5536751002299445 4.5651406482172066   
492 3444 0.12114243544956657 7.774511935738573 0.0004441785681063013 4.8409197874282064e-02 0.08423611126261205 4.554615425041082   
493 3451 0.10248719661206547 8.090383173143096 0.0004441785681063013 4.1613994825850514e-02 0.07398513884135728 4.554895417560246   
494 3458 0.1001212883499934 8.148740988871271 0.0004441785681063013 2.7458937614997712e-02 0.08270113193760685 4.568174436912557   
495 3465 0.13513559891817706 7.590080570830035 0.0004441785681063013 6.7368438814846762e-02 0.08384559464342622 4.5559962659590285   
496 3472 0.15117730885318298 9.649089855307261 0.0004441785681063013 4.3863349313976674e-02 0.06428646563914135 4.555527907477357   
497 3479 0.12633443055877558 9.314005768133622 0.0004441785681063013 3.8459415438894737e-02 0.06590115400287204 0.07965225598675289   
498 3486 0.09328812109547815 10.641749711031322 0.0004441785681063013 4.7306700424164232e-02 0.07598491814610342 4.553425596874591   
499 3493 0.08467079010862637 11.588220725811224 0.0004441785681063013 5.9775278245026160e-02 0.08328499648457069 4.5696315014115045   
500 3500 0.07093162069733251 13.00290482071398 0.0004441785681063013 5.5030666708543938e-02 0.08406500905403558 4.555981328667257   
501 3507 0.06738304268758366 13.842547542714925 0.0004441785681063013 3.6008387170839734e-02 0.0914139674363833 4.555935634629954   
502 3514 0.05286377325134435 15.92391874576215 0.0004441785681063013 7.4503775616185056e-02 0.08479242998689296 4.556540548890081   
503 3521 0.047954189060298406 15.117751372369575 0.0004441785681063013 6.0764190001615759e-02 0.07908777292990384 4.55291388616819   
504 3528 0.047605836965706895 17.342113923995967 0.0004441785681063013 6.3405320251239558e-02 0.08081618010408115 4.566954582519136   
505 3535 0.047743379162190874 14.266589978689113 0.0004441785681063013 4.8451819535246438e-02 0.09735020689733828 4.556089743394116   
