% # columns="iteration, evaluation, sigma, void, void,  stds==sigma*sqrt(diag(C))", seed=860942, Mon Jul 25 17:22:06 2022, <python>{}</python>
1 7 0.17042484753486503 0 0 0.16094390101699946 0.1527086923172435 0.17193436520157784
2 14 0.20784732652235258 0 0 0.19242647953904185 0.22400611312286178 0.2211128093315823
3 21 0.20012761474271926 0 0 0.19233015287103852 0.20836606415703168 0.21167188377647236
4 28 0.1696842522831046 0 0 0.1515182948436766 0.17033685498338957 0.1790754304354017
5 35 0.15843403046032106 0 0 0.13239377856711412 0.17296089961469915 0.16830442629093673
6 42 0.1618152708087299 0 0 0.13621964082812482 0.16804749864703047 0.18183666985765126
7 49 0.15056596947666734 0 0 0.11756457979947796 0.1635193708517585 0.1882190519458556
8 56 0.1281882571087568 0 0 0.08378295082810204 0.1366883891404365 0.15777770599720478
9 63 0.11299205168640929 0 0 0.06046645090913312 0.1281977048746687 0.13346964916640888
10 70 0.11511998856588054 0 0 0.05662882000991567 0.1172976041482709 0.13651191329725704
11 77 0.1267878382235897 0 0 0.055873854747460504 0.1237547719082798 0.1445249288719157
12 84 0.11119721526271249 0 0 0.04792679756823732 0.09825426199474889 0.12615887036129766
13 91 0.12361285198092972 0 0 0.05243909234777845 0.09973372432068292 0.15434046530257803
14 98 0.11195899127246345 0 0 0.04941595187722481 0.09005853781443635 0.11763107271187
15 105 0.11550277970105348 0 0 0.04752263931882926 0.1009648028431551 0.11821240926578656
16 112 0.10714130764819281 0 0 0.042561234280004814 0.10009216497867218 0.10976391169793016
17 119 0.10617556594057984 0 0 0.04323152220749464 0.09903920124075867 0.1079672168253775
18 126 0.09896111262706443 0 0 0.041167464996229246 0.08519068683333998 0.09762100869314441
19 133 0.09172146652219726 0 0 0.03778097411327411 0.08356947983974113 0.08366347845173583
20 140 0.07710899631222114 0 0 0.032428031361666824 0.06447787030927944 0.05818456104539978
21 147 0.0771973559141483 0 0 0.027291400055338325 0.07035114140467062 0.06040987842060564
22 154 0.07657875676277578 0 0 0.026940097041371597 0.06529337239203548 0.05303217782750351
23 161 0.10611650517288117 0 0 0.03592325162454146 0.08027288769199609 0.08485389428071839
24 168 0.09555092789270825 0 0 0.029925786989286097 0.07790865584465144 0.08388127928009904
25 175 0.08101159151725625 0 0 0.023515829136344212 0.06401430056191877 0.062231518132899816
26 182 0.08771433670137986 0 0 0.025034804487906823 0.06512659500253315 0.07135406098328836
27 189 0.08691028779180997 0 0 0.025801243333708784 0.05903652342663005 0.0662810647427919
28 196 0.07534709415122416 0 0 0.01912627268032073 0.05093782830629181 0.05403508217691494
29 203 0.07265860566334159 0 0 0.018631017232679032 0.049388981774654284 0.048508991197552004
30 210 0.06828479959138103 0 0 0.01743196874964194 0.043186448861321246 0.044656767115278106
31 217 0.07283386554648352 0 0 0.0180977363928818 0.05073661676607713 0.042533518415352765
32 224 0.06565760965758562 0 0 0.015128434074035848 0.04357646703561987 0.03705953611433953
33 231 0.0815673656851713 0 0 0.016815849112460562 0.07046483232334066 0.04710641806042859
34 238 0.07956278274039828 0 0 0.015076333839065488 0.07009065905505889 0.04250297977474566
35 245 0.09677018112831487 0 0 0.019748437869861774 0.09740684448873008 0.05116943716265462
36 252 0.12987191362865894 0 0 0.025709095830766027 0.16345484803662036 0.08120218030702597
37 259 0.13539262591296755 0 0 0.02678060937753426 0.17294809649587328 0.08758489108868121
38 266 0.15033802849937739 0 0 0.03231990896287703 0.17552418479440368 0.09851897197012678
39 273 0.15341389968196925 0 0 0.0377836938056303 0.18314343304823225 0.07857931112164614
40 280 0.15458254757821063 0 0 0.03795041999254335 0.17226798746119756 0.06846510538765409
41 287 0.12354430015223472 0 0 0.028655011246958136 0.13856304983479906 0.05120595618521157
42 294 0.11360767684833398 0 0 0.025912155370479837 0.13021329708643453 0.05065112996354204
43 301 0.11072899265785581 0 0 0.026555937532334407 0.1246110727104443 0.04786092769831676
44 308 0.12744067507791626 0 0 0.027514863817297033 0.1304060167171844 0.06013445616285816
45 315 0.15425873263594095 0 0 0.0341307864561606 0.14345148139306255 0.0784420749775047
46 322 0.15075239003881838 0 0 0.027758892739265774 0.1370671862994588 0.08296722243497608
47 329 0.13675168047171038 0 0 0.021634913165977737 0.1246347114440751 0.06998881849186354
48 336 0.11941328176904246 0 0 0.018888542780104902 0.108771332193708 0.057211979214132784
49 343 0.09342868916395101 0 0 0.0139485558500957 0.0805023642534332 0.043665838760710105
50 350 0.08618959446003084 0 0 0.012866952612525984 0.0744285081981194 0.03803751441103837
51 357 0.09939916594315477 0 0 0.017607057222421278 0.0854218508866561 0.048858083176496085
52 364 0.10137347477136217 0 0 0.018328887660526903 0.09105575841350604 0.04867152793015144
53 371 0.093001567082906 0 0 0.016133510071091366 0.08497700426537257 0.04277337684702999
54 378 0.08970522626954697 0 0 0.015801170881859512 0.08304927099533949 0.03938062445423326
55 385 0.0883942464058257 0 0 0.012607347621942225 0.07341286025299237 0.03781635833319407
56 392 0.08016987754253527 0 0 0.011476322667253385 0.06643130967029047 0.032276469378429345
57 399 0.07216147516106763 0 0 0.008539705897930785 0.055217616437410626 0.027850715485411258
58 406 0.08226630795645831 0 0 0.010273927108539182 0.0641192423796297 0.02990405668197453
59 413 0.0668147949352641 0 0 0.008497069410136568 0.04839355060115921 0.024048847237063672
60 420 0.06651956246895645 0 0 0.008449843513490471 0.04872582202072816 0.022736707880570396
61 427 0.0776489434747809 0 0 0.009761153930379456 0.057223622286581906 0.027666586564758504
62 434 0.10505023134282904 0 0 0.013860875784429015 0.07091623402319364 0.038291694822543076
63 441 0.09411521234246481 0 0 0.011135527611100591 0.06423305334477658 0.031645416587754605
64 448 0.09503773087712414 0 0 0.010633323870739519 0.06507367383147072 0.03524705709534108
65 455 0.11088046394582513 0 0 0.01386610745354912 0.0729608277900602 0.04177501944929102
66 462 0.10584585187342481 0 0 0.012833605947274066 0.07308105989794006 0.03888184013209041
67 469 0.11764229446758324 0 0 0.013293115437119382 0.09842765188225994 0.04238421223538113
68 476 0.09547451013765679 0 0 0.010762578256660365 0.06945122581450242 0.03349380256462564
69 483 0.08704486858018558 0 0 0.008455050946721096 0.06557017212596654 0.030523038362169196
70 490 0.08928029522847811 0 0 0.00823334686408263 0.07237009782422933 0.037407105241827415
71 497 0.08715997247993237 0 0 0.00773128183807754 0.07182394037378088 0.037096822040594106
72 504 0.07922252871456034 0 0 0.007138035862773702 0.06432458841453803 0.02849225767968392
73 511 0.06379070741917517 0 0 0.00458521417726814 0.05090408931775151 0.022838376497759463
74 518 0.07026734903406437 0 0 0.004918968098037711 0.052141588827472926 0.029983418335727766
75 525 0.06592534020185464 0 0 0.004484283947064495 0.051595163296683476 0.02722566790052369
76 532 0.05295260977475277 0 0 0.003399284368418341 0.03723264116579544 0.018679483936151348
77 539 0.0649869604489399 0 0 0.003648407850309584 0.04949016799634545 0.023450228704587153
78 546 0.07077177754036663 0 0 0.004065479868958551 0.053884679545609764 0.02380794803665055
79 553 0.07526528525490338 0 0 0.004542015205136197 0.05655314268569724 0.024327645349038095
80 560 0.07958569876623858 0 0 0.0048992442616628985 0.0606243192016525 0.026219174231301746
81 567 0.07815404541879571 0 0 0.0050553315546059295 0.06006071244443303 0.025917745048552057
82 574 0.09071314303498001 0 0 0.006870735385196924 0.08869055760304617 0.03989528387270018
83 581 0.07457743765411329 0 0 0.00458595776685586 0.05988886236157936 0.02991194121594098
84 588 0.06970781560755869 0 0 0.004497112824399801 0.05057988485511941 0.025496968948680795
85 595 0.06370615114282886 0 0 0.0040780895884911395 0.0433114188977266 0.021308996075939998
86 602 0.06705314223170783 0 0 0.004216998502658475 0.0437010502106116 0.02238207291290943
87 609 0.064484388173404 0 0 0.0037263998167779964 0.04426214899460104 0.022050037307429365
88 616 0.05498604877705794 0 0 0.003005985591910179 0.034288271161062325 0.015641506143394893
89 623 0.06145421813989309 0 0 0.003564433358554683 0.045350532409161856 0.019366452730923224
90 630 0.0562982934865495 0 0 0.0030307692521437746 0.03601255473071886 0.014535635997994428
91 637 0.0534670901905001 0 0 0.002698047280758216 0.0356614322551654 0.014432788276363183
92 644 0.05663227398643869 0 0 0.0024936860534689863 0.033319463346009014 0.014543021902800884
93 651 0.0597410641281507 0 0 0.002401999149598213 0.033184631924548 0.0149668421761526
94 658 0.06793813887675808 0 0 0.0025004502887707686 0.039066973128145555 0.01702877674476255
95 665 0.07664774608821863 0 0 0.002915077975186237 0.04035194654268569 0.017075043284101307
96 672 0.08743705703767582 0 0 0.0030464076359707675 0.045756269039218485 0.02207668021326751
97 679 0.0938312792591293 0 0 0.0033471754427095465 0.047894097245612645 0.023721759778870866
98 686 0.0767388900431172 0 0 0.0026851907511303433 0.03757535340554468 0.018480263270759748
99 693 0.06785457438500854 0 0 0.002425882611651402 0.032577157926030456 0.016074249425417044
100 700 0.075604181229925 0 0 0.002641078470742998 0.03588847363037779 0.01670151830846844
101 707 0.07037313088654028 0 0 0.0025718226910282855 0.03077036618164171 0.01684667898935979
102 714 0.059569968538494014 0 0 0.002133221753013826 0.022957396734623835 0.011295380094780998
103 721 0.05841624482639416 0 0 0.002053241145783831 0.021945413593846413 0.01073493097396852
104 728 0.05158423249303969 0 0 0.0017361305737009403 0.01800586833695553 0.009284545892273052
105 735 0.04336130745892476 0 0 0.0014211168772300757 0.012946535644198969 0.007258863744355373
106 742 0.03554880004730979 0 0 0.001175900546939255 0.01027300578757012 0.004962481671401685
107 749 0.03993325334665684 0 0 0.0011416321951010799 0.014416803239600305 0.00519488406582216
108 756 0.03625371098695246 0 0 0.0010364225346102 0.012012382241899386 0.00439821251854017
109 763 0.02973717161912009 0 0 0.0008073171891102911 0.009201025117776597 0.0035412066521638592
110 770 0.027845368371743406 0 0 0.000832596022383668 0.007262780100009104 0.00292644734038879
111 777 0.024339460441371124 0 0 0.0007076070755830339 0.005985827014970024 0.0025082247224608068
112 784 0.022131738488599166 0 0 0.0006057842493994637 0.005380628636198844 0.0021317089910436824
113 791 0.020634467436548697 0 0 0.0005440985004285324 0.00472431090227059 0.001914562589669083
114 798 0.01833701138483508 0 0 0.0004417536761295495 0.004318758983769052 0.001573522578658954
115 805 0.016139618761752777 0 0 0.0003526161932024991 0.0038097236909532565 0.001287146592373776
116 812 0.013206518213463001 0 0 0.00027971243314868125 0.0028779385294388383 0.0010068583781567074
117 819 0.013670039814991146 0 0 0.0002978799130756526 0.0026725389457617063 0.0012066017891874908
118 826 0.013167717739469495 0 0 0.0002847243079365841 0.002903317830749887 0.0009562829754483498
119 833 0.013674270569580938 0 0 0.00025529194547350823 0.002891778750035052 0.0010277878952318202
120 840 0.018156170310631943 0 0 0.0003364598683981208 0.004895731512800033 0.0013165937966388304
121 847 0.0285755289490168 0 0 0.0005224657182271018 0.008492566640543616 0.00199319770177942
122 854 0.033423311174352335 0 0 0.0005679945800717469 0.008515103502748736 0.0024713200551218064
123 861 0.03241081382137376 0 0 0.0005026232739455424 0.008484327320705433 0.0026695675374464674
124 868 0.028841491636636008 0 0 0.0004506142103657698 0.00768775937204008 0.0019518687408876833
125 875 0.03989502266642631 0 0 0.0006375079592096536 0.011210806626812958 0.0023931858533893834
126 882 0.03349849217436887 0 0 0.0004959407850111471 0.00990584765676733 0.0018743771603002817
127 889 0.03375374569414872 0 0 0.000489914423488006 0.010401326097087507 0.0018360991665459137
128 896 0.042902451052794804 0 0 0.0005759167000188183 0.01777007844726189 0.002217500776735719
129 903 0.04966132857883349 0 0 0.0006124082784216294 0.02087781576684092 0.0025965896606944235
130 910 0.04871284573523036 0 0 0.0005911255286799314 0.020938634795799604 0.002293211930622012
131 917 0.04342190211354504 0 0 0.0005340634987121703 0.0180426622192937 0.0018879581566559618
132 924 0.04995043086270414 0 0 0.0007237842652449036 0.020223101705152288 0.0024628705759715476
133 931 0.04567490314456195 0 0 0.0006244734146911572 0.01620996949094723 0.002311128636194166
134 938 0.05712051045795867 0 0 0.0007815340178905083 0.023005844738302857 0.0037051888097245616
135 945 0.05661719669284526 0 0 0.0007452308425887083 0.02331465889235525 0.0033866397365071087
136 952 0.049747987259563 0 0 0.0005608843515111333 0.020517088370742845 0.0030114372006104593
137 959 0.04679645077150319 0 0 0.00041127301623731177 0.016641160460298236 0.0025502092848777567
138 966 0.0482810433302312 0 0 0.0004230542694656383 0.019358910898965537 0.0027198464905864406
139 973 0.041997868537347355 0 0 0.0003377755511296637 0.016414888664449567 0.002394272985793684
140 980 0.03945461798415305 0 0 0.0003308498698837616 0.014545499634632846 0.002156800798599321
141 987 0.038700882670942814 0 0 0.00034539879258931397 0.015129871917066235 0.0021708815081754366
142 994 0.04483258022270166 0 0 0.0004341580226509986 0.01966855220334585 0.0032464313133584036
143 1001 0.048016385510085476 0 0 0.00044289127439691144 0.020661864329101887 0.0037755135714747632
144 1008 0.05874361591510257 0 0 0.0005860118381478096 0.023484408353014123 0.004182985887268121
145 1015 0.04453832331621266 0 0 0.0004347989738328535 0.01685932273083391 0.0026728189621221497
146 1022 0.037751157954341974 0 0 0.0003556651253520373 0.014111159078787188 0.0022100676251970456
147 1029 0.03597906508333033 0 0 0.0003229836396710356 0.013471314802557463 0.0020648495955235993
148 1036 0.03265601264879574 0 0 0.0002701830866940659 0.011097885194995948 0.0018142163949641248
149 1043 0.0433526674407804 0 0 0.0003136474578450274 0.01407058235415905 0.0025911414059165464
150 1050 0.04899817800895036 0 0 0.00036317724852521664 0.01617487800900594 0.002894591007257834
151 1057 0.04965658005712538 0 0 0.0003502512294616761 0.016242747172307167 0.0030427245906206267
152 1064 0.0430715301531926 0 0 0.0002845069726019602 0.013769609776379622 0.0025891603877935747
153 1071 0.044011972949528 0 0 0.00029706449765861304 0.01366339898944138 0.0025005039980880374
154 1078 0.050569280941745044 0 0 0.00040942564853786896 0.017956894772229816 0.0030614186411583337
155 1085 0.04537156206760064 0 0 0.00043951985610155665 0.018649519374794716 0.002828152175670919
156 1092 0.04303716488920788 0 0 0.00040892684284358084 0.017581122678473872 0.002581187642552265
157 1099 0.042247457817812986 0 0 0.00039572492355904816 0.017115317854327856 0.0026320706435925155
158 1106 0.05390656807641624 0 0 0.0006100714258453842 0.022558804087782203 0.0031004225029770973
159 1113 0.06619533441810727 0 0 0.0008823235944001682 0.031822892612707813 0.003903296129313089
160 1120 0.07071533323999661 0 0 0.0011075839721368496 0.03955244893094171 0.00445592277733478
161 1127 0.08825968345880776 0 0 0.0013295073010104101 0.04674624110037258 0.004972212960909116
162 1134 0.09925432940190117 0 0 0.0015330787808108053 0.051484548423741686 0.0054157184137619795
163 1141 0.10006363802831592 0 0 0.00160386407027354 0.052865559474181686 0.005500359059524966
164 1148 0.14322262680755357 0 0 0.0024472672189733737 0.07658383152871459 0.007502803600493823
165 1155 0.1762569113960965 0 0 0.003006241948305305 0.09403160886422857 0.008962989140255189
166 1162 0.17356277708610662 0 0 0.002748897294119093 0.0851750032170841 0.008233455982282705
167 1169 0.14347481063013687 0 0 0.002114404425814166 0.0649449116297085 0.0063710078045234085
168 1176 0.13887180287449613 0 0 0.001966129855712377 0.058800256881712004 0.0058481699604325515
169 1183 0.11643520131588593 0 0 0.00160561661186461 0.04751399072344952 0.004766059238422799
170 1190 0.11454245130247225 0 0 0.0016687377307296144 0.051342595158909425 0.005054578835615491
171 1197 0.10674787129298492 0 0 0.001449923548710503 0.045136187562201266 0.004567588567038541
172 1204 0.1005779089488921 0 0 0.00139264001430572 0.04197895418803088 0.004064687044201636
173 1211 0.08346662546399254 0 0 0.0010276265110534828 0.03189147428534824 0.0031997940804805195
174 1218 0.08885600013936448 0 0 0.0010317973176635852 0.031246628207764242 0.00292174424273691
175 1225 0.10034864653098888 0 0 0.0012327297257553904 0.03493814492354973 0.0028344417992309297
176 1232 0.13293952124531555 0 0 0.0014997075853761285 0.0413929016855528 0.0032064846841875867
177 1239 0.11764367931093563 0 0 0.0012155443518009012 0.033278449451196165 0.002631943106284555
178 1246 0.10900268856481088 0 0 0.0010697846731406886 0.029703968113997187 0.002425059206421823
179 1253 0.10656772762450802 0 0 0.0011197984065544734 0.03226224174148977 0.0024806178904682595
180 1260 0.1084558636845585 0 0 0.0012364914391300866 0.03393556678005685 0.0024595673457927926
181 1267 0.13142417400459278 0 0 0.0015906351749664974 0.04535472037277063 0.003616296808395226
182 1274 0.12770035104588143 0 0 0.0013987221382646409 0.04264277660191034 0.003720028305464242
183 1281 0.13616783317288916 0 0 0.0014589407152413496 0.04697236536794531 0.004067274035224091
184 1288 0.191117567663826 0 0 0.0020859761488265078 0.06672129028752241 0.006020524614612564
185 1295 0.1680861648902421 0 0 0.0019335433742759503 0.06351083503287636 0.005466634871065704
186 1302 0.1406359070592281 0 0 0.0015430801683135875 0.051492911237254455 0.004531719613534085
187 1309 0.16911665208821114 0 0 0.002085375814507834 0.07230720227988209 0.006822738135480996
188 1316 0.17742009557711694 0 0 0.0021326442263306044 0.07163334282815985 0.006537449444551669
189 1323 0.1829485993789933 0 0 0.002236156162814223 0.07639061992722147 0.006719492904669207
190 1330 0.19084321085412048 0 0 0.002385538987523112 0.08167351743668197 0.007211447070896592
191 1337 0.17936053706453484 0 0 0.0022686466357443027 0.07560948932600452 0.006353730541045891
192 1344 0.18057838179108687 0 0 0.002358050473017391 0.08070593278704274 0.007048803916288851
193 1351 0.15175086979284994 0 0 0.001997174175743858 0.06795016339167184 0.005723388974667108
194 1358 0.11801371622563377 0 0 0.0014243226335945375 0.04816620757293532 0.004019927479660568
195 1365 0.11339694097477873 0 0 0.001476352811747601 0.050879342568056936 0.004241013398450201
196 1372 0.12655447880475323 0 0 0.0017938310945622112 0.06175354746874406 0.00531219911210904
197 1379 0.11782789046647449 0 0 0.0016301951682186643 0.05679067166501001 0.004906463621128481
198 1386 0.10509009995300479 0 0 0.001387349230124841 0.047936584184291385 0.0041148574990513736
199 1393 0.1025983821271896 0 0 0.0013398196834783697 0.046018969244094 0.003952698069380431
200 1400 0.10958972184569296 0 0 0.001237460538784246 0.04157299752822005 0.003502807856109616
201 1407 0.09319291265466566 0 0 0.0009323398909687857 0.03075929509629686 0.002586457590794917
202 1414 0.08276414438832548 0 0 0.0007103379940719716 0.02500712781142233 0.0022784311599027512
203 1421 0.07696833596787861 0 0 0.0006578145211615511 0.023447878838200514 0.0021579743163752893
204 1428 0.06820789323632262 0 0 0.0005404815180403323 0.018789328405824153 0.001657528022381742
205 1435 0.05645230658648603 0 0 0.0004039551701597166 0.014030158459231687 0.0012246468600230363
206 1442 0.06303760313088906 0 0 0.00047843025495509784 0.017341293842776096 0.001529324104496678
207 1449 0.05296576292365643 0 0 0.00038813535777165536 0.013927590997300196 0.0012207296325658706
208 1456 0.051853722455421296 0 0 0.0003930538182143562 0.014319865440998674 0.0012210844761126791
209 1463 0.04843345038216615 0 0 0.0003623850040481435 0.013155776783491986 0.001137915946096037
210 1470 0.03999663934078232 0 0 0.0002795936376818262 0.010002845226785809 0.0008628635799834677
211 1477 0.031009559365655325 0 0 0.00019486323588452473 0.006875522775116367 0.0005887855943990936
212 1484 0.032044549273087856 0 0 0.00022013813286191565 0.007524550073906987 0.0006275979972792338
213 1491 0.030138266737904314 0 0 0.00019930428154555044 0.006761354954116827 0.0005655137516695595
214 1498 0.02616741587180523 0 0 0.00017927399326654549 0.006021270019529803 0.0004939003593171626
215 1505 0.02862783667664548 0 0 0.00021481238750839277 0.007055516681103105 0.00058519609100803
216 1512 0.026874660324133666 0 0 0.0002011373018346398 0.006558099879481545 0.0005294450584477719
217 1519 0.03166676531660525 0 0 0.0002833385890854472 0.009313810285273245 0.0007560321926266997
218 1526 0.032157129293024445 0 0 0.00028668228739080084 0.009550030375755957 0.0007784648546530888
219 1533 0.033689259379272196 0 0 0.00030436397029627495 0.010224623750999735 0.0008383716433752859
220 1540 0.028771484553827137 0 0 0.0002779529946306243 0.009333857741260214 0.0007626232020106888
221 1547 0.02204488723502471 0 0 0.0002088432829610081 0.007020297418310725 0.0005785080714756653
222 1554 0.021222243754358078 0 0 0.00019368600403332065 0.006485052297525434 0.0005301484620665758
223 1561 0.024399972578678673 0 0 0.0002617036803505474 0.00889166862091291 0.0007396285735725944
224 1568 0.026890736673472304 0 0 0.00027358562034813963 0.00928839618525963 0.0007587879735198763
225 1575 0.029425795195966675 0 0 0.00028745269421855216 0.009813989251675693 0.0008169481386896397
226 1582 0.027364605234052233 0 0 0.00023098452475823307 0.007940185106336357 0.0006637791259282911
227 1589 0.024433343424232336 0 0 0.0001997840200400875 0.006838462813609513 0.0005693682895388661
228 1596 0.025254571600859813 0 0 0.00021581499551420088 0.007362149216323852 0.0006167945512947394
229 1603 0.02717522712573083 0 0 0.0002397871840918475 0.008240974043418165 0.0006945685839037547
230 1610 0.030613495784775423 0 0 0.00026294912270886104 0.008966890104619093 0.0007519439256083767
231 1617 0.03287866510906879 0 0 0.00026750196987225544 0.009241459886237442 0.0007902608875244479
232 1624 0.02784535183160545 0 0 0.0002231664064424524 0.007736190842496971 0.0006637510754394696
233 1631 0.02869683325074862 0 0 0.00020675590639962295 0.007245777199678753 0.0006325230906083511
234 1638 0.02774241406493797 0 0 0.0002127992917652874 0.007471390534250471 0.0006484844309817268
235 1645 0.030622456135202685 0 0 0.00024916951284855576 0.0089657227888501 0.0007999568686452228
236 1652 0.03167322864882453 0 0 0.00025590210304650575 0.009253954023844706 0.0008364321242901306
237 1659 0.04160656975463612 0 0 0.00033203905537434867 0.011931592758761905 0.0010778107528648382
238 1666 0.04196957345308866 0 0 0.0003489152935804104 0.012350191806930547 0.0010892452763028575
239 1673 0.05091997041500798 0 0 0.00048574985607226245 0.01708015164779017 0.0014606292886017137
240 1680 0.04898728326758363 0 0 0.00043740635378478575 0.015345291873911641 0.0013166405045250114
241 1687 0.0477521554084645 0 0 0.000429338513961226 0.01495996952319164 0.0012626726459374626
242 1694 0.04888458159621049 0 0 0.0004349648644902564 0.015044977583519345 0.0012459321102755822
243 1701 0.04929301369795354 0 0 0.0004448232720067901 0.015499443369600885 0.001310585034620755
244 1708 0.051554494774923645 0 0 0.00048297508404904335 0.017021144341666884 0.0014571817298669333
245 1715 0.044449020739122685 0 0 0.00038632191432548416 0.013612691105131632 0.0011707839395573812
246 1722 0.04035631351908318 0 0 0.0003646501394667874 0.012846382838913564 0.0011089696645209947
247 1729 0.049966138084903265 0 0 0.000581602014284277 0.020512855418449043 0.001784485471569155
248 1736 0.047483280062259915 0 0 0.0005623183777438062 0.019909957194382367 0.0017441775958383077
249 1743 0.043902643322890865 0 0 0.0004979114523040164 0.017591788861020308 0.0015379536008136442
250 1750 0.0546353236138787 0 0 0.0005644886074153177 0.0197788227949094 0.001702855349976994
251 1757 0.0458832545915181 0 0 0.000454829545216089 0.01596511533420514 0.001378785429753805
252 1764 0.04657981967477278 0 0 0.0004489950479842273 0.01594169160595667 0.001400511130627064
253 1771 0.04440718935291737 0 0 0.0003892649868902277 0.01384064849031415 0.0012244707545309705
254 1778 0.040722960951663195 0 0 0.000380144317043159 0.013513009179657883 0.0011974143582476654
255 1785 0.05346681119306512 0 0 0.0006503748444611048 0.023591835385164815 0.00215228296566558
256 1792 0.04626498410866863 0 0 0.0005481012025840258 0.019807089862905303 0.0017930367215025565
257 1799 0.037129924154814024 0 0 0.0003959157620708312 0.014211233245718376 0.0012761180123845844
258 1806 0.03127523727459725 0 0 0.0003374640629554435 0.012129323795801327 0.0010927818347918337
259 1813 0.02485745178982451 0 0 0.00026115240705488823 0.009403561901149448 0.0008499969127520778
260 1820 0.032065946688014504 0 0 0.0002971651022413461 0.010726422263549555 0.0009726528759893746
261 1827 0.04387181357056708 0 0 0.0004280532303990727 0.015540554923477869 0.001421471275943532
262 1834 0.04594755690225198 0 0 0.00040172334935559457 0.01458963577344665 0.0013341529934479549
263 1841 0.04888028192414905 0 0 0.000427972513917563 0.01544515711704203 0.0013977819133060845
264 1848 0.05372521674177441 0 0 0.0004667513174958528 0.01682463641452259 0.001512822999335795
265 1855 0.06536641342957664 0 0 0.0005794997807488487 0.020610410102416984 0.0018201224535395804
266 1862 0.05472408623440835 0 0 0.00045199005037241223 0.016116056936373045 0.001432311334643283
267 1869 0.05492118509703783 0 0 0.00042424639237047864 0.015150104730803703 0.001352588578022956
268 1876 0.06416024043898634 0 0 0.00051293761730731 0.01841075784433429 0.0016646160334184716
269 1883 0.06901558566603401 0 0 0.00058792670529089 0.020972819541520367 0.0018758349143727028
270 1890 0.06676347501535768 0 0 0.0005683241880519575 0.02019082151982903 0.0017926673377449004
271 1897 0.05216809915884631 0 0 0.00043957319244274453 0.015659210564226724 0.001394691378594455
272 1904 0.049556746013614525 0 0 0.00036256935137046243 0.012897020667360305 0.0011482651078297801
273 1911 0.04658764151753557 0 0 0.0003738061438150877 0.013293106383377431 0.001181999496954679
274 1918 0.04116801466376271 0 0 0.00031384492903137264 0.011214849145558018 0.0010040364974652314
275 1925 0.03571028107644981 0 0 0.0002795668970973053 0.010060564861901738 0.0009076632603090247
276 1932 0.0366570390400457 0 0 0.00033764495022066095 0.012126604733427157 0.0010926094205303157
277 1939 0.03332400938051415 0 0 0.0003121101137132782 0.011178122630169622 0.0010031436915472936
278 1946 0.032709225223769615 0 0 0.00030552049872048005 0.010933163676093887 0.0009810232754033162
279 1953 0.03251951365185818 0 0 0.00029475971992341354 0.01063920722027183 0.0009651809229330567
280 1960 0.027543924580498647 0 0 0.00022887249760777644 0.00823699111818732 0.0007448167054977221
281 1967 0.02228484223800006 0 0 0.00018073810945148117 0.006492435369179155 0.0005854289805867372
282 1974 0.017152799306686582 0 0 0.00013718980299075968 0.0049398338976259165 0.0004465757617572015
283 1981 0.014840072685641616 0 0 0.00011397493183425131 0.004116947819638414 0.00037360328123695876
284 1988 0.01471259333949997 0 0 0.00011600443215804757 0.004194269750097267 0.0003808860831654438
285 1995 0.012592140845312221 0 0 9.143595003674435e-05 0.00331074262464565 0.00030133804783921616
286 2002 0.010942383942970898 0 0 7.196794593898571e-05 0.0026060945358032358 0.00023738756967685206
287 2009 0.010116675224007724 0 0 7.139184918180374e-05 0.0025840374614946636 0.00023508099768080936
288 2016 0.01187786055284108 0 0 9.167619383801937e-05 0.003304744513509566 0.00029879941094354177
289 2023 0.012740568867122715 0 0 9.963209025854204e-05 0.003588056072395757 0.00032375053931841695
290 2030 0.01576393488533968 0 0 0.00013394874807013998 0.004826112199658235 0.00043508765770047
291 2037 0.01944456660616721 0 0 0.00016494310595648124 0.005942024683633475 0.0005353076079042553
292 2044 0.019725095536966993 0 0 0.00015774751927527333 0.005676863485721763 0.000510466692371308
293 2051 0.015088192234241776 0 0 0.0001224787393913607 0.0044095489583671 0.00039668917798890257
294 2058 0.012521631122358292 0 0 9.771328521758756e-05 0.0035167748865597578 0.00031620127983432753
295 2065 0.0110538012802207 0 0 7.75817652617829e-05 0.0027949476996534414 0.00025203950965909495
296 2072 0.00983840322550306 0 0 6.360457402066073e-05 0.0022900695447727387 0.00020625288586066009
297 2079 0.009980536874131331 0 0 6.42218323525065e-05 0.0023079014590269096 0.0002070697371684779
298 2086 0.010007863051342767 0 0 6.735164198841539e-05 0.0024234582688916436 0.00021800896560717156
299 2093 0.00888026465006999 0 0 6.0442081160154506e-05 0.0021727894182842957 0.00019509016715215825
300 2100 0.008675829623097582 0 0 6.365999938139968e-05 0.0022845121980998935 0.0002044718521359086
301 2107 0.01076402435044864 0 0 9.968635354283834e-05 0.003575509038878581 0.000319885898172552
302 2114 0.011738736784876542 0 0 0.00010488711074809738 0.0037584911022576837 0.00033563048717078034
303 2121 0.012767925998683604 0 0 0.00010522612093199289 0.003772689898488127 0.00033732809506968495
304 2128 0.012246104704446877 0 0 0.00010683114062812202 0.0038282866149175416 0.00034186951116009804
305 2135 0.012146000473946414 0 0 0.00010031553648632997 0.0035959109349017037 0.0003212757881771051
306 2142 0.009441948164918886 0 0 7.419001814322221e-05 0.00266060407223109 0.00023793073282410144
307 2149 0.010333172208263288 0 0 8.687809242970795e-05 0.003122469100018444 0.00028039397489222547
308 2156 0.009534790718993469 0 0 8.421726898005546e-05 0.0030282599458917917 0.00027212494124770966
309 2163 0.01195078833046613 0 0 0.00012442269179618363 0.004469214287935942 0.0004009760631969409
310 2170 0.009732495847106259 0 0 0.0001080267461618852 0.003878192776982698 0.00034770513944590206
311 2177 0.010335489561656929 0 0 0.00012349990205071145 0.004431502925217141 0.00039701685562154685
312 2184 0.008267946813944693 0 0 9.622799127223393e-05 0.0034535636731971193 0.00030951701286800103
313 2191 0.007328412905109059 0 0 8.569494358591776e-05 0.003074684957647977 0.000275404594178944
314 2198 0.006595941530684998 0 0 8.004703483405375e-05 0.002872209746759253 0.0002572758837178067
315 2205 0.006800049802650021 0 0 8.570337666225487e-05 0.0030767223952415977 0.0002758527941848088
316 2212 0.00562578811668286 0 0 5.9624705694477054e-05 0.0021399759207820462 0.00019182550643277155
317 2219 0.005354765984404503 0 0 5.6117735888946816e-05 0.002012895036102788 0.00018021595877973484
318 2226 0.005243786098562296 0 0 5.401057368992391e-05 0.0019377578443822057 0.0001735569092707011
319 2233 0.004422066097376612 0 0 4.1808119461471596e-05 0.0015001158908566784 0.00013437537073796813
320 2240 0.004065785212798392 0 0 3.837534952329148e-05 0.001376781642141887 0.00012330402781781955
321 2247 0.004834190901817004 0 0 4.789241266280109e-05 0.001719639163321034 0.0001542340757006897
322 2254 0.004629903001861215 0 0 4.36514829795344e-05 0.0015666838912869057 0.00014038226977149078
323 2261 0.004636539672210877 0 0 5.239793338889715e-05 0.0018803006370744248 0.00016843615408550325
324 2268 0.00444864965892447 0 0 5.132293755647361e-05 0.0018416320075913004 0.00016496215817321628
325 2275 0.00445889672795296 0 0 4.7065543980549514e-05 0.0016889149151885512 0.0001512931865087107
326 2282 0.003911317205570781 0 0 3.5374749909147594e-05 0.0012696542211341072 0.00011378049608409871
327 2289 0.004536066238849633 0 0 3.8830860414962056e-05 0.0013938584008136264 0.00012489624406596627
328 2296 0.0037037666962923253 0 0 3.29477690968754e-05 0.0011825670805070652 0.00010594954216470538
329 2303 0.003772857024880612 0 0 3.3331316382460774e-05 0.0011964757645010187 0.00010722020083341153
330 2310 0.00376559603083694 0 0 3.261821217944225e-05 0.0011710971893641327 0.00010496789403902542
331 2317 0.0032335339948672283 0 0 2.783403420937109e-05 0.000999276726862931 8.955977182101517e-05
332 2324 0.002915752375561827 0 0 2.669832790676378e-05 0.0009582698086406328 8.585665492969672e-05
333 2331 0.00252660794048259 0 0 2.296499306584695e-05 0.0008243750259758424 7.387440922656171e-05
334 2338 0.0026064338864568914 0 0 2.234420370422381e-05 0.0008020962156779673 7.18784471910192e-05
335 2345 0.003558948594524397 0 0 2.9431467166377777e-05 0.0010563793898609752 9.465092326297262e-05
336 2352 0.0036839749427335596 0 0 2.9231348399572062e-05 0.0010493964542569582 9.404546537457615e-05
337 2359 0.00400091601957245 0 0 3.077403235781413e-05 0.0011055071006372326 9.917717268413989e-05
338 2366 0.0034763782499040944 0 0 2.3621018617344184e-05 0.0008486246553025053 7.613987471977248e-05
339 2373 0.0028716034482681005 0 0 1.9308947346827e-05 0.0006938968533323266 6.22838928784728e-05
340 2380 0.0025568319982832723 0 0 1.654799127935242e-05 0.0005943755754109607 5.331143497340376e-05
341 2387 0.002190636073810275 0 0 1.4377812137502674e-05 0.0005164198976749024 4.6322976242689235e-05
342 2394 0.0021080364275348627 0 0 1.3642486393266593e-05 0.0004899792490585193 4.394785140561677e-05
343 2401 0.0016674339043687085 0 0 1.0214386332838498e-05 0.0003669603060250512 3.292773421753212e-05
344 2408 0.001925162428230063 0 0 1.1225824110447408e-05 0.0004033071655440896 3.61955421629066e-05
345 2415 0.001856881377387526 0 0 1.0055574543855828e-05 0.0003612480000855583 3.2415931234729114e-05
346 2422 0.002496260655305006 0 0 1.6524946917044012e-05 0.0005938011943213071 5.332044427830781e-05
347 2429 0.0026745153454338154 0 0 1.6513032134099685e-05 0.0005934403884511631 5.329345114740245e-05
348 2436 0.002443139426586339 0 0 1.5600024027526747e-05 0.0005606077408313432 5.034054495892773e-05
349 2443 0.002494279260337219 0 0 1.4227123056402595e-05 0.0005112836598699656 4.5910971773031645e-05
350 2450 0.0028194432381170417 0 0 1.6640140171206056e-05 0.0005978414751244211 5.36704135077424e-05
351 2457 0.003449764996596952 0 0 2.1604773561414897e-05 0.0007765081694636487 6.974485047718499e-05
352 2464 0.003879534765814205 0 0 2.3799124115371616e-05 0.0008555158664884084 7.68491583704445e-05
353 2471 0.0036323935170107994 0 0 2.2111044465837163e-05 0.0007947473832683265 7.137971394667639e-05
354 2478 0.003014161894854775 0 0 1.7647935387598482e-05 0.0006343453783698634 5.6974113736690226e-05
355 2485 0.003143451632212163 0 0 1.6292687461366563e-05 0.0005855194003154736 5.2578835742219655e-05
356 2492 0.0028173724892733777 0 0 1.46102541374706e-05 0.0005247414296751869 4.70845117812326e-05
357 2499 0.0025303307780979844 0 0 1.1137084263450743e-05 0.0003998613189485576 3.5861912916349356e-05
358 2506 0.002604851077395066 0 0 1.3166351361976729e-05 0.0004728101011967834 4.2414072921134243e-05
359 2513 0.0024043226224625142 0 0 1.2256076218067281e-05 0.00044006654940188615 3.947175543525634e-05
360 2520 0.0028617764162961966 0 0 1.4575713260946572e-05 0.0005236452808227254 4.7001354750975746e-05
361 2527 0.0033510677328261827 0 0 1.554765877603294e-05 0.0005586214468499639 5.014439782629036e-05
362 2534 0.0032232828648732694 0 0 1.4387282087518513e-05 0.0005169745237345813 4.641421471112102e-05
363 2541 0.0034299359064127928 0 0 1.5225987852213303e-05 0.0005468415061825689 4.9061490459993416e-05
364 2548 0.002959001381583351 0 0 1.211962005039847e-05 0.00043528482743149206 3.905144234219641e-05
365 2555 0.0034895580482870773 0 0 1.3319360376539419e-05 0.00047871250410855986 4.2986295631850426e-05
366 2562 0.0030545712444226283 0 0 1.1371112449095942e-05 0.0004086818400107644 3.66985063534604e-05
367 2569 0.0026728310932993184 0 0 8.995192796692239e-06 0.0003231318075747367 2.8996864864475963e-05
368 2576 0.00296725131053905 0 0 9.385844226163602e-06 0.0003369024262037697 3.0203684137267618e-05
369 2583 0.0034967070035421804 0 0 1.1397346489161838e-05 0.00040897953460507697 3.66571308711193e-05
370 2590 0.004160226912926088 0 0 1.2564898839845366e-05 0.0004509243876246845 4.043048495506818e-05
371 2597 0.004119882033307927 0 0 1.1644454196889018e-05 0.00041790532703605795 3.747533131470137e-05
372 2604 0.003323980771998944 0 0 9.362947062996966e-06 0.00033608310933153757 3.0143326594509804e-05
373 2611 0.002971696368445252 0 0 9.361035035600747e-06 0.0003359621129770656 3.0128983394884374e-05
374 2618 0.0024227326503842264 0 0 7.210801914379343e-06 0.00025874992717561505 2.320029847097997e-05
375 2625 0.0025047034225003898 0 0 7.95975903529666e-06 0.0002854423335870963 2.557399829853819e-05
376 2632 0.0025567570934670954 0 0 8.460207301159898e-06 0.00030337460232084747 2.717880724712983e-05
377 2639 0.0032742395531684724 0 0 1.3595202128114538e-05 0.00048727036500769674 4.3622879482833366e-05
378 2646 0.0035054854926580767 0 0 1.463956181302459e-05 0.00052464222088053 4.69641121417205e-05
379 2653 0.004038316980096984 0 0 1.502931944292442e-05 0.0005385383444515007 4.8201828176344724e-05
380 2660 0.0053974527444571015 0 0 2.1252212241217246e-05 0.0007609032902533218 6.804611481158433e-05
381 2667 0.0064960636104988674 0 0 2.5739548290849e-05 0.0009217194388489484 8.24441053370489e-05
382 2674 0.005221940037829059 0 0 1.878778844817515e-05 0.0006725155853579784 6.012403960113791e-05
383 2681 0.004245502258582278 0 0 1.3446593511066809e-05 0.0004814034513293982 4.3046874889480104e-05
384 2688 0.003768734945550108 0 0 1.1454309489083996e-05 0.00041004216716794176 3.6659319575165744e-05
385 2695 0.0038133049831368783 0 0 1.084008666925661e-05 0.0003881121886512561 3.470708893697891e-05
386 2702 0.005265336221497969 0 0 1.4355641268758207e-05 0.0005140869773750831 4.598365610712406e-05
387 2709 0.005233339270640264 0 0 1.517815705333286e-05 0.0005437007501354446 4.865001308938265e-05
388 2716 0.0055852837613338665 0 0 1.7891046382267143e-05 0.0006410236529956919 5.737408927863034e-05
389 2723 0.007552356215203792 0 0 2.3261534938588814e-05 0.0008332679313565596 7.456066673735759e-05
390 2730 0.007321462612888224 0 0 2.456044322886546e-05 0.0008797926091021364 7.872544302729248e-05
391 2737 0.006330218605744882 0 0 2.1804400911204456e-05 0.0007811522076791381 6.990784134712738e-05
392 2744 0.00767717626718639 0 0 2.928131269397364e-05 0.0010485204778924746 9.378642715982228e-05
393 2751 0.008370989710241123 0 0 3.56807595074545e-05 0.0012774502736446714 0.00011423884144786322
394 2758 0.009339204666305381 0 0 4.36859605229535e-05 0.0015638457274496915 0.00013982898777546772
395 2765 0.010530286682578766 0 0 5.358326703767898e-05 0.0019177689915080103 0.00017143282873580834
396 2772 0.011844541423378908 0 0 6.581782146887687e-05 0.0023558454479560547 0.00021061437922000932
397 2779 0.01818484623561438 0 0 0.0001143201675685633 0.0040920795929313475 0.000365855630328656
398 2786 0.018030968744874996 0 0 0.00010542976162078152 0.003773579618309643 0.000337344685279264
399 2793 0.022490520923993174 0 0 0.00012929008057074626 0.0046284128230995765 0.00041384843705294356
400 2800 0.022906888649808478 0 0 0.00012387714988920724 0.0044346587812534866 0.0003965263277560514
401 2807 0.02747593179842191 0 0 0.0001602176508956987 0.005735986764692895 0.0005129395210114384
402 2814 0.02782831197844143 0 0 0.00016203731613224394 0.005800543369452539 0.000518648903997398
403 2821 0.02812271137453197 0 0 0.0001653750573576212 0.005920937582291997 0.0005295074797299387
404 2828 0.022661085102751763 0 0 0.00013180498343122856 0.0047187923156922105 0.0004219758550918208
405 2835 0.02538648616337065 0 0 0.0001468764843557441 0.005258126376916333 0.00047018423396437273
406 2842 0.029755274932062543 0 0 0.00015595507041363095 0.005582846769292674 0.0004991873150421985
407 2849 0.026453835716501697 0 0 0.00013486535949665745 0.004827681943395461 0.0004316437994258302
408 2856 0.025902836377620045 0 0 0.00013130657637999547 0.004699880092427449 0.00042017001679890703
409 2863 0.023856000785141915 0 0 0.00012678237913127543 0.004537684725947349 0.00040564150684698115
410 2870 0.022400534124685366 0 0 0.0001154658391774604 0.004132540091877322 0.0003694136778695826
411 2877 0.02176148512588472 0 0 0.00011635090023493335 0.004164522489244479 0.0003723031859455373
412 2884 0.023299635104789617 0 0 0.00010562209700904923 0.0037808997877635544 0.0003380503532387346
413 2891 0.029223154957646148 0 0 0.00013453061027343628 0.004815610782438537 0.0004305572582184008
414 2898 0.03105459866664198 0 0 0.00016259043092427145 0.005820097914772394 0.0005203757797367659
415 2905 0.03353918175255411 0 0 0.00017484449646966248 0.006257707634909343 0.0005593934973460193
416 2912 0.030508038194253306 0 0 0.00015651405415923687 0.005600942714987915 0.0005006081189429538
417 2919 0.03395326540944852 0 0 0.00017624173266344992 0.006307535425034369 0.0005638268274922789
418 2926 0.02842835404604518 0 0 0.00014308917328682158 0.005121273102883795 0.0004578104986029512
419 2933 0.02375280541529432 0 0 0.00011667939283350468 0.00417580947398144 0.0003732677486954844
420 2940 0.018866694141392193 0 0 0.018027238936493307 0.017110516309308186 0.01752692420918959
421 2947 0.016639857307667077 0 0 0.016233963400203996 0.012342912139207735 0.015806731198086676
422 2954 0.014583579658881192 0 0 0.014846510619302472 0.010155635822485753 0.012117664771909384
423 2961 0.014931432659573366 0 0 0.014359299880119311 0.011171277325297794 0.012467993241159735
424 2968 0.015349362639704617 0 0 0.013856640352825331 0.010845712287119488 0.013906456291435268
425 2975 0.020555314604338105 0 0 0.024990285897691897 0.013999757766701957 0.0213051371091122
426 2982 0.021100229358335495 0 0 0.024491875401777025 0.013186076436370294 0.022630562328109675
427 2989 0.025979802436458813 0 0 0.03308876059718928 0.018569576741560102 0.03326086447788299
428 2996 0.02288635429285302 0 0 0.02766074220811412 0.015007513157999978 0.027235976035096546
429 3003 0.023041205941876676 0 0 0.02718043751593749 0.016699005002894195 0.024627269906562367
430 3010 0.036327577707342164 0 0 0.042235616710001464 0.029196171807767988 0.040455025089861825
431 3017 0.0309262186179111 0 0 0.0323274400142939 0.0272193547912089 0.03220512880314781
432 3024 0.029906076017978157 0 0 0.03591621708958573 0.024659354473506978 0.03089896469851499
433 3031 0.02947501718342809 0 0 0.031948990432188705 0.022425424566439065 0.029887879954825485
434 3038 0.039281279275963185 0 0 0.04003087617341305 0.02975846697599019 0.04023916880756523
435 3045 0.042333234912018465 0 0 0.044484643943338106 0.02864894616034511 0.04694460454976621
436 3052 0.042986559809788084 0 0 0.04613903687675838 0.02577384112858168 0.046554618271436345
437 3059 0.06091156590449827 0 0 0.0683278543082865 0.03623968221450963 0.06582254721843138
438 3066 0.09111359993291485 0 0 0.10857348334069752 0.05127369493414503 0.10064002160723916
439 3073 0.10762181501664665 0 0 0.12900344414287299 0.06434195550056847 0.11256766833154688
440 3080 0.11866285561337633 0 0 0.14045681764734386 0.07384120304190966 0.1246122433031848
441 3087 0.13623926472164752 0 0 0.14695172706121234 0.08932330961244643 0.15570284363455875
442 3094 0.14083342494506543 0 0 0.1354192878722641 0.08542368413629967 0.17474567036612457
443 3101 0.13243773079764473 0 0 0.1442981429366389 0.06686534782893536 0.16196952988920219
444 3108 0.14103656648320873 0 0 0.164665154061184 0.06671777495413533 0.15324674704558264
445 3115 0.1352895520826029 0 0 0.16213315153831523 0.05281193540349489 0.14206910535795403
446 3122 0.12142727169395649 0 0 0.13441483112838004 0.04790521818405308 0.11792964085534864
447 3129 0.12935154061117982 0 0 0.13855152716130323 0.047029151390762525 0.14738729193424863
448 3136 0.166421987088349 0 0 0.16875273806562976 0.05812121651214823 0.22077089733377492
449 3143 0.20509790661735028 0 0 0.20075636896388396 0.07086202770464753 0.26774677038394556
450 3150 0.18506331861341865 0 0 0.1898266947359018 0.06270676426717092 0.22791855653865295
451 3157 0.17164123016151242 0 0 0.17914859594623347 0.05352825532792165 0.225290746078314
452 3164 0.16793105494325444 0 0 0.1865748590925008 0.049050223001021936 0.20387399091127528
453 3171 0.16700501272709137 0 0 0.17562266344181968 0.05042824430518857 0.1985822249446988
454 3178 0.182963797112073 0 0 0.19851069487358403 0.05347072935608227 0.22888701508245735
455 3185 0.18754777679674778 0 0 0.21577122066341625 0.049721219254262275 0.22335858389163826
456 3192 0.17264834348516617 0 0 0.20867755625452966 0.04454867537766006 0.20159361242629856
457 3199 0.2062600288000333 0 0 0.2819277222821202 0.05750587780127004 0.23474572273766064
458 3206 0.18404388214929215 0 0 0.22626682256595243 0.047215623481306965 0.20604000109032394
459 3213 0.1829286987667618 0 0 0.2149686479207932 0.04221995560716857 0.21332471470946154
460 3220 0.14607787665897803 0 0 0.166608341531177 0.03250367421027193 0.14562912132423372
461 3227 0.12093548529208026 0 0 0.14328983558931893 0.02343501641039755 0.11456466399540471
462 3234 0.11370491536009104 0 0 0.13673310516204368 0.020064859511685792 0.09970207016359801
463 3241 0.09630607657320453 0 0 0.10141064035712735 0.017115369835910842 0.08687689132819343
464 3248 0.09509145464320114 0 0 0.0969747766784331 0.016434524571167376 0.09455373436096962
465 3255 0.08120248411125791 0 0 0.07705935839917566 0.012738112870588639 0.07308463293629096
466 3262 0.06646320808939996 0 0 0.06393543082191155 0.009357064899271695 0.05457839591660166
467 3269 0.06653250181197459 0 0 0.06146288941774241 0.009555293094267373 0.05724996866533123
468 3276 0.06299610623776278 0 0 0.05561907424433297 0.009265497873619306 0.04343928592393647
469 3283 0.06620383177057312 0 0 0.05541869953815277 0.010161646110867829 0.0455181101838092
470 3290 0.08596144241983697 0 0 0.07050365761972978 0.01576590260546771 0.05998679932172629
471 3297 0.0983010654966066 0 0 0.08117958273016271 0.018716940381032988 0.06836738442459249
472 3304 0.10711023751906684 0 0 0.07611345840484393 0.01977062770949343 0.08583418193698417
473 3311 0.10804584883118923 0 0 0.06926368697096816 0.021521269120837357 0.0865438600126024
474 3318 0.10361976268392564 0 0 0.06445723810050281 0.018174659236322804 0.08325222874078826
475 3325 0.10799800421638447 0 0 0.07192365355830614 0.016894373161441163 0.0869684216562593
476 3332 0.15299992992535527 0 0 0.1023860942092525 0.025807043839712888 0.13116468636251505
477 3339 0.17276977794811046 0 0 0.10884525781402953 0.026347628074867107 0.15502146396540067
478 3346 0.2602075640917994 0 0 0.17902584668360252 0.03666831122432627 0.2442089413022861
479 3353 0.25580777805224036 0 0 0.17316998173094025 0.04073291107898499 0.21837630064562527
480 3360 0.25697875630657757 0 0 0.1723632007183172 0.03987836199831867 0.20571664441772425
481 3367 0.24451298053829226 0 0 0.16783950292983565 0.039308229504684544 0.17307579297750605
482 3374 0.32245249999182046 0 0 0.2256252513907408 0.07210652377282704 0.2496939294479446
483 3381 0.27935131092179655 0 0 0.1644280615830205 0.055101388527797904 0.19267468747727282
484 3388 0.224659995423673 0 0 0.1316485721908944 0.04219001055965429 0.16442889172004163
485 3395 0.18680983603752085 0 0 0.09687704482216916 0.03225026947415997 0.1153818353018909
486 3402 0.15349891478183245 0 0 0.0786601239813217 0.026444756752199487 0.0914614872606106
487 3409 0.11907615827189968 0 0 0.05992924357037982 0.019333843880709762 0.06616045256524754
488 3416 0.10803756817869377 0 0 0.04996725931235085 0.016179281273944655 0.05731440887718819
489 3423 0.11355000527547196 0 0 0.0562069292685718 0.017786366111493413 0.07022674806535553
490 3430 0.11928075827962277 0 0 0.05893487286405158 0.018853869309609337 0.0676637041087551
491 3437 0.1281179379532325 0 0 0.06293068679609977 0.023704313595578917 0.07782709447054151
492 3444 0.12114243544956657 0 0 0.0586144797164146 0.02124944687024382 0.0750766547501783
493 3451 0.10248719661206547 0 0 0.04784728475257004 0.01569993333347103 0.05703598244789799
494 3458 0.1001212883499934 0 0 0.04172637579827446 0.013334129958818566 0.053040142458153645
495 3465 0.13513559891817706 0 0 0.06543885467474327 0.018275611528295838 0.07817034235147986
496 3472 0.15117730885318298 0 0 0.06714104762830962 0.021243780203438013 0.07935032649458865
497 3479 0.12633443055877558 0 0 0.05513161467430229 0.01763290462922968 0.06151310083013798
498 3486 0.09328812109547815 0 0 0.03851760129362586 0.012754108550453157 0.04355629139211651
499 3493 0.08467079010862637 0 0 0.03598665199960312 0.011044430400636436 0.03788675815194971
500 3500 0.07093162069733251 0 0 0.028318724079305847 0.008388604886599673 0.030067295264213024
501 3507 0.06738304268758366 0 0 0.026825625379375384 0.007937262895940512 0.028343885511175552
502 3514 0.05286377325134435 0 0 0.01964176452760304 0.0057647335021386035 0.020435841423524018
503 3521 0.047954189060298406 0 0 0.018419398938174757 0.005015566142238805 0.018078994674760145
504 3528 0.047605836965706895 0 0 0.018181249550523325 0.00464893895931985 0.014500391866735978
505 3535 0.047743379162190874 0 0 0.020479027301070624 0.004946382462547851 0.015086143272493422
505 3535 0.047743379162190874 0 0 0.020479027301070624 0.004946382462547851 0.015086143272493422
