% # columns="iter, evals, sigma, 0, fitness, xbest" seed=860942, Mon Jul 25 17:22:06 2022, <python>{}</python>
1 7 0.17042484753486503 0 0.07230868744657726 -0.21871491024354162 -0.013595304388980795 -0.22839301439739468
2 14 0.20784732652235258 0 0.09752343375929685 -0.08361187782674967 0.04785239753315504 0.07276954467139657
3 21 0.20012761474271926 0 0.0700103297049977 -0.2753000420416545 -0.23341403138402475 0.10774072138846047
4 28 0.1696842522831046 0 0.08603399028652166 -0.19780837924217412 0.04279634583704309 -0.19222558687772084
5 35 0.15843403046032106 0 0.09999734141456543 -0.32336941713311357 -0.5489083388438626 0.13143082742721732
6 42 0.1618152708087299 0 0.06475004029612126 -0.22320014995803983 -0.3138777344026761 0.19142462865214907
7 49 0.15056596947666734 0 0.0785551233764429 -0.15334427151864838 -0.04552211885088031 -0.228884808428031
8 56 0.1281882571087568 0 0.08436906554708277 -0.30321182750480186 -0.2746674185525824 -0.25929013115334304
9 63 0.11299205168640929 0 0.1119626080790427 -0.27937780210066737 -0.4100528308885532 -0.19170392526703506
10 70 0.11511998856588054 0 0.04112651365670662 -0.3149507797441239 -0.26574821167652835 -0.021009690039101414
11 77 0.1267878382235897 0 0.05835459854339494 -0.29948620189997605 -0.10191676070434427 -0.15850044929748267
12 84 0.11119721526271249 0 0.038390901515572284 -0.29739771564356526 -0.2969865392481327 -0.029808356153818598
13 91 0.12361285198092972 0 0.05081117489281036 -0.31931190131688303 -0.2520239419952759 0.1468415116492512
14 98 0.11195899127246345 0 0.05478680830003171 -0.39259288033525297 -0.35603415738449995 -0.023897693280191895
15 105 0.11550277970105348 0 0.015179511807494661 -0.2973309347155906 -0.3748001964911848 0.06797820677178364
16 112 0.10714130764819281 0 0.029320368946391978 -0.3263504445644259 -0.2854492537882616 -0.1909426007338774
17 119 0.10617556594057984 0 0.0667271923352949 -0.2476681315136235 -0.22241202412256722 -0.1558922820973844
18 126 0.09896111262706443 0 0.05211691466067797 -0.31998201222603695 -0.1848513487522096 -0.19954351137772142
19 133 0.09172146652219726 0 0.03269178574884506 -0.277691780991964 -0.14340676064043473 -0.11089122674897832
20 140 0.07710899631222114 0 0.05445147514925145 -0.2708251859688965 -0.1477120252975262 -0.1347588872092935
21 147 0.0771973559141483 0 0.01603889099482932 -0.29824826957871764 -0.1536633370881305 -0.11198409114198045
22 154 0.07657875676277578 0 0.06964490579013995 -0.3065011346461814 -0.21734110577552468 -0.16318194501823916
23 161 0.10611650517288117 0 0.05896066539523313 -0.3147373680240444 -0.11634263367979583 -0.2886289779185066
24 168 0.09555092789270825 0 0.06163795942013665 -0.30511855452835335 -0.29261359217429045 -0.13142703729462987
25 175 0.08101159151725625 0 0.060064350893871306 -0.28683911761101244 -0.1282720592593003 -0.15907920065949885
26 182 0.08771433670137986 0 0.06127687787775704 -0.29578282185234867 -0.09868360134708937 -0.11853396333343287
27 189 0.08691028779180997 0 0.054865157370477036 -0.2956163626733735 -0.08298900698634731 -0.0988397447051364
28 196 0.07534709415122416 0 0.04774025746980522 -0.28320832556806874 -0.134246330581338 -0.08789964643028479
29 203 0.07265860566334159 0 0.05107946858189855 -0.2879064496023593 -0.12922974738250909 -0.06612444156030095
30 210 0.06828479959138103 0 0.05490691872710076 -0.3048259790896046 -0.07987603415772423 -0.02650904858734253
31 217 0.07283386554648352 0 0.05551643532164368 -0.29875673252882534 -0.16853384981661898 -0.11098145881988211
32 224 0.06565760965758562 0 0.05894365953800626 -0.3070914228262727 -0.12255492401607167 -0.0625629830103091
33 231 0.0815673656851713 0 0.057644088026941154 -0.2968975657459029 -0.24086389177917517 -0.06224465496749293
34 238 0.07956278274039828 0 0.06604170343145382 -0.3155585257244664 -0.19833229521877596 -0.07453357638839682
35 245 0.09677018112831487 0 0.061536311930304614 -0.2711425962172332 -0.3511769941239765 -0.04928068551699656
36 252 0.12987191362865894 0 0.03245912448513698 -0.28874387814171554 -0.5113594744457413 0.03395129967189053
37 259 0.13539262591296755 0 0.0704360121438145 -0.29329323479244895 -0.26853898523001657 0.048007780909044985
38 266 0.15033802849937739 0 0.06241917483422989 -0.2665957097142753 -0.16488452320191815 0.09211670925710629
39 273 0.15341389968196925 0 0.05895822545549211 -0.21784580158113975 -0.444042558646504 0.03696221717878277
40 280 0.15458254757821063 0 0.07242916279795863 -0.23411151163574098 -0.34154746240554074 0.04470562571622545
41 287 0.12354430015223472 0 0.07204813632909085 -0.22724075608135816 -0.42926602235505684 -0.02525800853562435
42 294 0.11360767684833398 0 0.033100092282625566 -0.21454403327501614 -0.49634175508696843 0.09920378453378656
43 301 0.11072899265785581 0 0.037674558700525454 -0.23111425522643622 -0.41085077216646915 0.031457306027958876
44 308 0.12744067507791626 0 0.06742334726996178 -0.23945013549045369 -0.35970580330986257 0.1063019024425309
45 315 0.15425873263594095 0 0.03438188526698945 -0.19527074006206532 -0.4651006167255273 0.17943251729157816
46 322 0.15075239003881838 0 0.06576978508995956 -0.20532972246004452 -0.3732298360994427 0.017701990153701636
47 329 0.13675168047171038 0 0.062215003504510195 -0.20855219092300403 -0.5088176870955521 0.05649923544197899
48 336 0.11941328176904246 0 0.021736358163480036 -0.24668858524728307 -0.3165300969416963 0.04932919365567223
49 343 0.09342868916395101 0 0.02219287783598379 -0.22540292785266755 -0.41034324064838806 0.009759287725797434
50 350 0.08618959446003084 0 0.04749820954174401 -0.23304478098643405 -0.42842804152804304 0.0076781094273605435
51 357 0.09939916594315477 0 0.027819196546996175 -0.19775216123100856 -0.4789726101922493 0.11445690363439731
52 364 0.10137347477136217 0 0.05944096477990399 -0.20909265119758938 -0.5448703073583653 0.11081892470345696
53 371 0.093001567082906 0 0.052153670812317005 -0.18877662421778182 -0.5242479278337768 0.08232405886615518
54 378 0.08970522626954697 0 0.030766637140656083 -0.21378127111296058 -0.31484498945476935 0.03229445521624014
55 385 0.0883942464058257 0 0.008225304667810502 -0.21103995015773797 -0.45166104611305785 0.03926774230981946
56 392 0.08016987754253527 0 0.028799586007041775 -0.20580185389737396 -0.4890843981592558 0.041090712337740656
57 399 0.07216147516106763 0 0.05790074249730757 -0.2167139783218677 -0.42800131258186247 -0.0010170963500977306
58 406 0.08226630795645831 0 0.018532391748501947 -0.22335085515886144 -0.48770634087282877 0.013116240154792532
59 413 0.0668147949352641 0 0.06277909901740746 -0.20342973459433542 -0.4692826833143044 0.04418616444118102
60 420 0.06651956246895645 0 0.03582317885769773 -0.21418289692980155 -0.5055370918132822 0.05236024224044433
61 427 0.0776489434747809 0 0.05338379924531966 -0.21961652345797766 -0.4361877084596992 0.055594291849762466
62 434 0.10505023134282904 0 0.042100602654251036 -0.20095152032334548 -0.4702079824869304 0.11392639452986292
63 441 0.09411521234246481 0 0.050227607386212465 -0.21287363478099822 -0.39679522945431345 0.08227122031818548
64 448 0.09503773087712414 0 0.058314545694512686 -0.2103368517530482 -0.3847406340418259 0.022780989397608087
65 455 0.11088046394582513 0 0.017153090371547428 -0.21900048994211005 -0.41607782117550446 0.010394741921415339
66 462 0.10584585187342481 0 0.07956754118295307 -0.211719897998509 -0.5596976102235602 0.08967860727801444
67 469 0.11764229446758324 0 0.058700536072852215 -0.21153142523908508 -0.3223687138571889 0.03473610253468743
68 476 0.09547451013765679 0 0.047288442338205394 -0.2017807893683202 -0.4407240044865006 0.026709132781365177
69 483 0.08704486858018558 0 0.054606649835341387 -0.20022232208503493 -0.4927583072124766 0.06675152700330031
70 490 0.08928029522847811 0 0.022227748460030942 -0.19656967656319807 -0.3238967697150399 -0.010144214394064655
71 497 0.08715997247993237 0 0.027756661731905982 -0.20831353362999788 -0.3077136090021957 0.02477402694840571
72 504 0.07922252871456034 0 0.04576339099363869 -0.20032016186837967 -0.2862468653201627 0.028043828718358508
73 511 0.06379070741917517 0 0.06849946879864399 -0.19869966339375153 -0.3408664012817839 0.048770375489744354
74 518 0.07026734903406437 0 0.06693313588160431 -0.19894671492559615 -0.36937449436845143 0.08253741696454603
75 525 0.06592534020185464 0 0.06305061275310131 -0.19618679180629997 -0.31879467657396887 0.04664898614380783
76 532 0.05295260977475277 0 0.03262879584586686 -0.19638235756925307 -0.296797120519734 0.0388222341939231
77 539 0.0649869604489399 0 0.06405567421086682 -0.2001298368609198 -0.3690667993295754 0.04362971107680733
78 546 0.07077177754036663 0 0.041720752669303605 -0.20176103782764612 -0.36750477026949574 0.030012318352388854
79 553 0.07526528525490338 0 0.02500547277745372 -0.20565349386514975 -0.3945997303252971 0.06013423153255966
80 560 0.07958569876623858 0 0.04367803597449628 -0.21206529862330914 -0.4729591558397186 0.07040792908633364
81 567 0.07815404541879571 0 0.04888146261438874 -0.21580829037967628 -0.5174667571255946 0.08150272326265351
82 574 0.09071314303498001 0 0.05757892899668142 -0.20250385286922953 -0.3383724653187478 0.02732062813547477
83 581 0.07457743765411329 0 0.06081921584300219 -0.20674595777783925 -0.422695658146128 0.05306274897775168
84 588 0.06970781560755869 0 0.047937152645290776 -0.20586396695880818 -0.37722286882382966 0.02121820874984696
85 595 0.06370615114282886 0 0.0423648150776091 -0.2028272053377551 -0.3940456859007128 0.012871156752551573
86 602 0.06705314223170783 0 0.04463007955684437 -0.204081557387517 -0.3774225570195037 0.03790985858950686
87 609 0.064484388173404 0 0.046435095856489625 -0.20535977570159583 -0.3514385209270144 0.02006007366958345
88 616 0.05498604877705794 0 0.05612881292632701 -0.20372914438893022 -0.3782326070800799 0.03665974954170831
89 623 0.06145421813989309 0 0.056832838880225084 -0.19949990022317166 -0.3100880141284656 0.014027154136022436
90 630 0.0562982934865495 0 0.06674056095231336 -0.20154099583129595 -0.3505203224353865 0.01642648102705716
91 637 0.0534670901905001 0 0.053014048299171446 -0.20275311611459393 -0.3699497444555873 0.033562167747346223
92 644 0.05663227398643869 0 0.035339957605317794 -0.2039243614896368 -0.3343519170196987 0.03417851211030681
93 651 0.0597410641281507 0 0.04760576054996995 -0.2057189857301302 -0.3400982217262804 0.04079955787193277
94 658 0.06793813887675808 0 0.06774777503879306 -0.20495730655471067 -0.315215654945973 0.02527957060001695
95 665 0.07664774608821863 0 0.05883474398314581 -0.20871602043246362 -0.3319840999965446 0.0326015955698341
96 672 0.08743705703767582 0 0.04539805226731621 -0.20852423974145204 -0.29168733829956583 0.007964618125867379
97 679 0.0938312792591293 0 0.06797467057674729 -0.21091973119495713 -0.31179463229944054 0.03194112519034507
98 686 0.0767388900431172 0 0.0499610183630755 -0.210263867035687 -0.3169422899811322 0.027617969792339707
99 693 0.06785457438500854 0 0.053222295256229755 -0.21215371134580407 -0.3192754391143682 0.03786321585040091
100 700 0.075604181229925 0 0.03690467504095375 -0.21235377342625916 -0.35315978105014445 0.027297345901696
101 707 0.07037313088654028 0 0.07337067758001825 -0.20667782665994314 -0.33902822727520127 0.0012872331468282185
102 714 0.059569968538494014 0 0.029067017370553512 -0.20775143380355446 -0.331217644697841 0.016792662666510656
103 721 0.05841624482639416 0 0.031803769489558986 -0.21210929173704296 -0.3480234658102778 0.029054998295512616
104 728 0.05158423249303969 0 0.04253385983815979 -0.21117688240861066 -0.3479638777699435 0.013995008903000134
105 735 0.04336130745892476 0 0.058707207138826906 -0.21060702414656815 -0.35476848169729314 0.029819145555140276
106 742 0.03554880004730979 0 0.06167147092248687 -0.21143965999404057 -0.3460732630200718 0.025432525190637333
107 749 0.03993325334665684 0 0.03805022559563238 -0.21076978717492745 -0.3568745923342785 0.024784740012036795
108 756 0.03625371098695246 0 0.034870189225717566 -0.21118042915681137 -0.35385388859063516 0.025293590450563563
109 763 0.02973717161912009 0 0.07320406906232893 -0.21158942556211768 -0.36288280361345693 0.025672652700531994
110 770 0.027845368371743406 0 0.0904532913787393 -0.21035085585475694 -0.3531437248617682 0.023589377658698306
111 777 0.024339460441371124 0 0.03489272477505536 -0.21139405810439438 -0.3476017248851448 0.024810419760535732
112 784 0.022131738488599166 0 0.019136690522120765 -0.21038383217053735 -0.3491685944504093 0.024734314097244053
113 791 0.020634467436548697 0 0.04316931140303941 -0.21055640556998498 -0.34685607587944695 0.02465150768762429
114 798 0.01833701138483508 0 0.06467026171247837 -0.21007933343400415 -0.34855500654182753 0.023226321170663082
115 805 0.016139618761752777 0 0.06431394693081037 -0.21041405343211447 -0.3447016516015719 0.023949019089776973
116 812 0.013206518213463001 0 0.06107236887463975 -0.2104340292005655 -0.3432153103022985 0.024835191668008363
117 819 0.013670039814991146 0 0.05193440440116202 -0.21072182455685018 -0.3473973322135594 0.026083998295131874
118 826 0.013167717739469495 0 0.062216264953416575 -0.21015044608881595 -0.34196386446913096 0.023630396460954974
119 833 0.013674270569580938 0 0.05080729885661619 -0.21042051009388607 -0.34059868299468493 0.023627793491807415
120 840 0.018156170310631943 0 0.030856405802417677 -0.2104967951240101 -0.33869905354201296 0.02362414787726359
121 847 0.0285755289490168 0 0.07357944725972465 -0.21108082456280047 -0.3297315136235268 0.02153225972829997
122 854 0.033423311174352335 0 0.06382993521768568 -0.2108563229562597 -0.3304508744367412 0.024740272648822195
123 861 0.03241081382137376 0 0.03075225857267663 -0.2108954939569885 -0.33602321675499075 0.024734751148339205
124 868 0.028841491636636008 0 0.04145910970751761 -0.21098625698255055 -0.3416277300460533 0.02513660617393624
125 875 0.03989502266642631 0 0.03212633532680984 -0.21110210882588865 -0.3611785875714099 0.028280165010093245
126 882 0.03349849217436887 0 0.05496603312527407 -0.21122463136625563 -0.34350417629728447 0.024927383263101278
127 889 0.03375374569414872 0 0.04994826259839477 -0.2108348679523873 -0.36526371722389495 0.029792471840660594
128 896 0.042902451052794804 0 0.051102805807152915 -0.21140797604498354 -0.3312693087961755 0.026891805894213472
129 903 0.04966132857883349 0 0.04899111169846702 -0.21022032003641586 -0.33735534816553336 0.029745750337981387
130 910 0.04871284573523036 0 0.045502459600902746 -0.21075457049126417 -0.37072630697776776 0.03151836749314123
131 917 0.04342190211354504 0 0.02681640258337503 -0.2114005011597367 -0.34303903525491786 0.0297406907348925
132 924 0.04995043086270414 0 0.05260563017949665 -0.21200609510162666 -0.3510326447179024 0.026701648697705076
133 931 0.04567490314456195 0 0.05442258065880521 -0.2109835864651935 -0.3502698607018156 0.027729385366163158
134 938 0.05712051045795867 0 0.05178347198983959 -0.21224321017793302 -0.32118323445473435 0.022579199098522556
135 945 0.05661719669284526 0 0.030726663477770585 -0.21223308377359354 -0.3077985953353017 0.023987416763619727
136 952 0.049747987259563 0 0.06461891991032605 -0.21145323158435536 -0.3362663509203194 0.02688613353160294
137 959 0.04679645077150319 0 0.06785808831205158 -0.2119593568964982 -0.34068137098565804 0.02506991419609572
138 966 0.0482810433302312 0 0.06363483975492712 -0.21140776811638362 -0.34562089228619597 0.026616713065946557
139 973 0.041997868537347355 0 0.03950566043761913 -0.2120350462223108 -0.3411510671590852 0.023810904881799294
140 980 0.03945461798415305 0 0.0632142738661727 -0.21123920247290234 -0.358104792790714 0.025582000702182847
141 987 0.038700882670942814 0 0.03483678773246238 -0.211128251933795 -0.3688868071586611 0.02806643059215559
142 994 0.04483258022270166 0 0.03279038301387324 -0.21088549666913323 -0.3899391691941545 0.03277832123731047
143 1001 0.048016385510085476 0 0.049324437078529786 -0.21105463995744506 -0.38834619441860724 0.03221817686366037
144 1008 0.05874361591510257 0 0.06727908892077866 -0.2118559200244858 -0.3666245945153295 0.026629709186439553
145 1015 0.04453832331621266 0 0.02564437818253518 -0.21092372380343757 -0.3830309250834903 0.03018448361627144
146 1022 0.037751157954341974 0 0.02709588108719277 -0.21069519496477623 -0.3916692155165849 0.03185487552725722
147 1029 0.03597906508333033 0 0.022426588262812172 -0.21071349248867868 -0.4024648756447856 0.03242624467110037
148 1036 0.03265601264879574 0 0.058997870261529604 -0.21066871229691458 -0.4050594922230302 0.032791690043040646
149 1043 0.0433526674407804 0 0.024938457662181463 -0.21084468120353775 -0.415275060524608 0.036533702506681684
150 1050 0.04899817800895036 0 0.03171097435069678 -0.2111297573831761 -0.39380759799422116 0.0342125543404394
151 1057 0.04965658005712538 0 0.021163563130041366 -0.21122495549256048 -0.39193985154939165 0.03080783517565546
152 1064 0.0430715301531926 0 0.04056602049196191 -0.21140522950224785 -0.3959365232991576 0.03245322723937403
153 1071 0.044011972949528 0 0.014989016113676677 -0.21167489884756793 -0.39031132810714936 0.03206366601704609
154 1078 0.050569280941745044 0 0.013285980550693278 -0.21185333198125644 -0.37874024597731315 0.030082360778033196
155 1085 0.04537156206760064 0 0.0759474281787943 -0.2105235725410113 -0.4248763432005654 0.034093842393898274
156 1092 0.04303716488920788 0 0.0340675826314574 -0.21142844676202593 -0.3791754677121854 0.02823910004623055
157 1099 0.042247457817812986 0 0.06470320666973954 -0.21133148425537723 -0.37624078340062106 0.026278995532737146
158 1106 0.05390656807641624 0 0.043439258933712484 -0.2106156273418938 -0.40189665626031984 0.029279597911574418
159 1113 0.06619533441810727 0 0.027161059809986912 -0.209738242834841 -0.4389636424775445 0.033761105365439
160 1120 0.07071533323999661 0 0.03735565367693463 -0.208615413708079 -0.4810917865079167 0.037841214226279556
161 1127 0.08825968345880776 0 0.031103374776776008 -0.20942171180569558 -0.459717839812043 0.03483357595347099
162 1134 0.09925432940190117 0 0.05109530159835191 -0.21115109067414795 -0.413350558977847 0.03268380225926495
163 1141 0.10006363802831592 0 0.06103299742497569 -0.21232474391274656 -0.3672274083970103 0.027308483520717203
164 1148 0.14322262680755357 0 0.03519675891747255 -0.21546461170942255 -0.2794908172632925 0.022550791594847137
165 1155 0.1762569113960965 0 0.07037516227965342 -0.21639331176098192 -0.23590921092238154 0.014936464916318051
166 1162 0.17356277708610662 0 0.05121948688117859 -0.2140507539627156 -0.3406634646004526 0.029345590064312605
167 1169 0.14347481063013687 0 0.07086921861114821 -0.2126222224033718 -0.35053458681116734 0.025602439223728228
168 1176 0.13887180287449613 0 0.037604563272781 -0.21355855840038487 -0.3040696462730509 0.01815337219390271
169 1183 0.11643520131588593 0 0.04074019003404601 -0.21213055347050871 -0.3547997339126728 0.02288601509876881
170 1190 0.11454245130247225 0 0.05817287570403675 -0.210482828847583 -0.41187513091489736 0.028674384829190245
171 1197 0.10674787129298492 0 0.032536227109991184 -0.21254366361117022 -0.34828995936161944 0.025204367314637675
172 1204 0.1005779089488921 0 0.04478424477591707 -0.2114691963451719 -0.36745300419848226 0.024174431982083758
173 1211 0.08346662546399254 0 0.037550173797595704 -0.21282859644544583 -0.3445685698432533 0.024201188577378078
174 1218 0.08885600013936448 0 0.05560878555780063 -0.21253579909865042 -0.3379591850249104 0.022763647584481003
175 1225 0.10034864653098888 0 0.03845183194075295 -0.21244124722926752 -0.35197700885060473 0.02636791262410428
176 1232 0.13293952124531555 0 0.021475348209556627 -0.21220146888612595 -0.3523076704230882 0.026795747868888595
177 1239 0.11764367931093563 0 0.0509677158687848 -0.21308703950168265 -0.32829726731047865 0.025022510253442997
178 1246 0.10900268856481088 0 0.013138162460918491 -0.21129002746145675 -0.3775997997901281 0.025059637843052852
179 1253 0.10656772762450802 0 0.04556263206421633 -0.21115242928375139 -0.38679016042426284 0.026224326661731284
180 1260 0.1084558636845585 0 0.042196477315515166 -0.21059668982594318 -0.387501887311409 0.026453713525648962
181 1267 0.13142417400459278 0 0.026222297897296295 -0.20887085938471012 -0.45003143364613457 0.032577670569975764
182 1274 0.12770035104588143 0 0.044201820428009374 -0.20871358415881103 -0.4721261239962894 0.03496653179886203
183 1281 0.13616783317288916 0 0.06283388802237784 -0.20936853735671485 -0.45625652244788817 0.03369270012474057
184 1288 0.191117567663826 0 0.0004441785681063013 -0.21027238906386994 -0.4547689136166731 0.03775760807858982
185 1295 0.1680861648902421 0 0.05291482574249442 -0.21357789066046395 -0.32390581660206563 0.025037088724192844
186 1302 0.1406359070592281 0 0.032042017595848404 -0.2106693326725934 -0.42809220118461505 0.034770546073924775
187 1309 0.16911665208821114 0 0.04236727667952092 -0.2089294599799048 -0.4976955693762867 0.04211944276387211
188 1316 0.17742009557711694 0 0.05872424916482222 -0.20766966987516589 -0.5275783055459812 0.04340391080614268
189 1323 0.1829485993789933 0 0.04198987437624032 -0.2103583874593673 -0.42764212807395585 0.035152657292039834
190 1330 0.19084321085412048 0 0.0645772819388774 -0.21258799391066505 -0.3666156569785475 0.032872310857139625
191 1337 0.17936053706453484 0 0.06654797873518202 -0.20591412641407414 -0.57806642719054 0.04648490631289389
192 1344 0.18057838179108687 0 0.021817920170803622 -0.21217651865513654 -0.3604232383307316 0.028910794933587582
193 1351 0.15175086979284994 0 0.06803731468954655 -0.21234746034482319 -0.35281818506394075 0.026836553763732465
194 1358 0.11801371622563377 0 0.0712925961672404 -0.21211831574400603 -0.37478601064061434 0.03171912871891276
195 1365 0.11339694097477873 0 0.024450494823743986 -0.21329920289812385 -0.32754940511347963 0.02695626875771272
196 1372 0.12655447880475323 0 0.06333687283126266 -0.21410775806825047 -0.3029434140600239 0.02392636848992264
197 1379 0.11782789046647449 0 0.03915141034138288 -0.2109447585386137 -0.41764532952638883 0.03349568924720621
198 1386 0.10509009995300479 0 0.04649327662839532 -0.21223410722739997 -0.37233433643014635 0.030048957605446378
199 1393 0.1025983821271896 0 0.05405798985970406 -0.21213425335171432 -0.3569630748550327 0.027328491596796817
200 1400 0.10958972184569296 0 0.04599907722735238 -0.21081098543097662 -0.40350764599395145 0.03102423478390797
201 1407 0.09319291265466566 0 0.039929230834170416 -0.21043253044454024 -0.4305768138414023 0.03487539629778583
202 1414 0.08276414438832548 0 0.03863306812875576 -0.21181949772752054 -0.37577595733925007 0.029864121894648224
203 1421 0.07696833596787861 0 0.02814599047954191 -0.211850520025576 -0.3756509080520746 0.029338270030185257
204 1428 0.06820789323632262 0 0.03797809716068898 -0.21182451863355187 -0.3746166714070659 0.028987482952863238
205 1435 0.05645230658648603 0 0.06495740193117897 -0.2116375022166246 -0.3850247263627939 0.030600560073541356
206 1442 0.06303760313088906 0 0.052374683818284286 -0.2114408632211101 -0.39296151220779296 0.031212718552588732
207 1449 0.05296576292365643 0 0.04324977485293457 -0.21158408220059297 -0.3853566565055117 0.030315083140323697
208 1456 0.051853722455421296 0 0.07612291610592758 -0.2121005925400792 -0.36763180404027906 0.029151516154250663
209 1463 0.04843345038216615 0 0.030961325946342943 -0.21147030462009891 -0.39134339791893286 0.03119706579714396
210 1470 0.03999663934078232 0 0.0489578688725919 -0.2115711963988373 -0.38738091972645894 0.030728234096600377
211 1477 0.031009559365655325 0 0.03825341246519449 -0.21182242211880073 -0.3774024996752875 0.029923548342814466
212 1484 0.032044549273087856 0 0.032800408823036954 -0.2115058353786597 -0.38852187187933357 0.030783297153142215
213 1491 0.030138266737904314 0 0.04559435103737978 -0.21144788320763167 -0.38954308420587525 0.03089035750655387
214 1498 0.02616741587180523 0 0.05765038572967711 -0.21188778452438237 -0.37607337847722283 0.02979839581741122
215 1505 0.02862783667664548 0 0.013687126148403334 -0.2115231976988622 -0.3863438202950642 0.030598771534012095
216 1512 0.026874660324133666 0 0.03208521598839565 -0.21136182384596947 -0.391531897465018 0.030957813100220447
217 1519 0.03166676531660525 0 0.058683278256486664 -0.2118815989897528 -0.3744155270680083 0.029582584290741634
218 1526 0.032157129293024445 0 0.07511992060453256 -0.21200600161315408 -0.36996350985829823 0.029092718994248593
219 1533 0.033689259379272196 0 0.07063187397617621 -0.21217067640742895 -0.36430663342888653 0.02872338735006792
220 1540 0.028771484553827137 0 0.046256658648777295 -0.21150802080557055 -0.38689570260625494 0.03055705881422039
221 1547 0.02204488723502471 0 0.02948379787959321 -0.21182834250284158 -0.3767007234009218 0.02988879963932117
222 1554 0.021222243754358078 0 0.013963213199441184 -0.211959706102361 -0.37204528377470447 0.029415818308846823
223 1561 0.024399972578678673 0 0.01352545528597629 -0.21161195832848556 -0.38464776813562684 0.03053121730619325
224 1568 0.026890736673472304 0 0.04111323063028582 -0.21161192885889452 -0.3841989673134642 0.03044671797848126
225 1575 0.029425795195966675 0 0.014280946448895507 -0.21147788912374496 -0.38926384104693823 0.030951137663488823
226 1582 0.027364605234052233 0 0.06839901516280095 -0.21153576206199456 -0.3866643705141828 0.030546901881353797
227 1589 0.024433343424232336 0 0.04608074138173997 -0.21122523485858052 -0.3966797356029801 0.031276969810572465
228 1596 0.025254571600859813 0 0.026921019430867547 -0.21112702819182902 -0.4004570684120685 0.031800897526887965
229 1603 0.02717522712573083 0 0.05873143087415944 -0.2115337643206009 -0.3855277123630919 0.0303607413892492
230 1610 0.030613495784775423 0 0.044069122724913735 -0.21115902576058357 -0.39864799558316294 0.03152895253960731
231 1617 0.03287866510906879 0 0.0046379921679410435 -0.21156470250874684 -0.3842285791436593 0.03026346557798015
232 1624 0.02784535183160545 0 0.03282604715116562 -0.21152539140794444 -0.387371489252979 0.030813060124089985
233 1631 0.02869683325074862 0 0.021406545342093238 -0.21133348612302583 -0.3934589177356696 0.031153207371122787
234 1638 0.02774241406493797 0 0.03106691469438794 -0.210955078005817 -0.40692031421457076 0.032357254004094074
235 1645 0.030622456135202685 0 0.04521882900515277 -0.210954633456777 -0.4075416922277332 0.03250398099366444
236 1652 0.03167322864882453 0 0.05118044515742622 -0.2109120143624123 -0.4094488920054525 0.03276578358619366
237 1659 0.04160656975463612 0 0.03337550882714294 -0.21087525882600888 -0.41093236930432886 0.03300975828297249
238 1666 0.04196957345308866 0 0.02796957561551748 -0.21159103711324057 -0.384824102164786 0.03050106385856861
239 1673 0.05091997041500798 0 0.021179896578097296 -0.2119831947094514 -0.3716640897719814 0.029597728483970784
240 1680 0.04898728326758363 0 0.04423449191752185 -0.21160905284125386 -0.38537134228418835 0.030737996423767996
241 1687 0.0477521554084645 0 0.03167641194246064 -0.2120853274672961 -0.36938576355812874 0.029530883953139117
242 1694 0.04888458159621049 0 0.037891159849799357 -0.21269293219998203 -0.34826143828039935 0.02775348680054088
243 1701 0.04929301369795354 0 0.026713646253318596 -0.21266573085458138 -0.34822342332400147 0.02757988593500052
244 1708 0.051554494774923645 0 0.034207480025441724 -0.2131062111525621 -0.33159645415732625 0.026038567551840863
245 1715 0.044449020739122685 0 0.04643997128636635 -0.2125865366011822 -0.35008130980306307 0.027587298463119365
246 1722 0.04035631351908318 0 0.04660858937068575 -0.21287300226045608 -0.3394592710172944 0.026609472139071798
247 1729 0.049966138084903265 0 0.06682238168927314 -0.21363561979763404 -0.3129601468564422 0.02435392378136444
248 1736 0.047483280062259915 0 0.0807006208598381 -0.21285555611223805 -0.34113853454120796 0.026875254484066597
249 1743 0.043902643322890865 0 0.014436495276019161 -0.21312517228701905 -0.33022411933136564 0.025714775821631133
250 1750 0.0546353236138787 0 0.06122690280134159 -0.21260858154593193 -0.3481361354203333 0.02728872327466453
251 1757 0.0458832545915181 0 0.03832041038453229 -0.21254732722574227 -0.3512037324165754 0.02766238667274842
252 1764 0.04657981967477278 0 0.055162837045321184 -0.21232726196611762 -0.3601275995663773 0.028584459146968492
253 1771 0.04440718935291737 0 0.03462096141857732 -0.21256707984727446 -0.3502844100464052 0.027517800317754994
254 1778 0.040722960951663195 0 0.038001479304281126 -0.2130828762608765 -0.33270415867790354 0.026081007796391772
255 1785 0.05346681119306512 0 0.03459045644618493 -0.21341963428603755 -0.3192101249212559 0.024674044871729372
256 1792 0.04626498410866863 0 0.033328946886171204 -0.21247281301758927 -0.35508165671542163 0.028141035732092524
257 1799 0.037129924154814024 0 0.05253311132403634 -0.21252672409901865 -0.35286447476577887 0.027916879589729087
258 1806 0.03127523727459725 0 0.07294765266220517 -0.21251251632362247 -0.3535085512315587 0.028006063645141542
259 1813 0.02485745178982451 0 0.07991726368472876 -0.2126783383580875 -0.3468061084503962 0.02728977845726912
260 1820 0.032065946688014504 0 0.02276027597863169 -0.21266636105708278 -0.3475911851767845 0.027390833328440604
261 1827 0.04387181357056708 0 0.06443177512801967 -0.2131500477885804 -0.3291951998576648 0.02558778866588517
262 1834 0.04594755690225198 0 0.03699496192237072 -0.2130141463107134 -0.3335908448997815 0.025922661334037075
263 1841 0.04888028192414905 0 0.05076020773130328 -0.21270748950581161 -0.34452320927352004 0.026875636188598572
264 1848 0.05372521674177441 0 0.0922675884279983 -0.2125280901981295 -0.35174936121283307 0.02761192121995576
265 1855 0.06536641342957664 0 0.056187142783922416 -0.2132333801833143 -0.32776554239212147 0.025642971923825326
266 1862 0.05472408623440835 0 0.035142684998632795 -0.21269945695156608 -0.3458006545454644 0.02712596066478302
267 1869 0.05492118509703783 0 0.051449755807986004 -0.2127798157729515 -0.3444278041289069 0.02719108651714127
268 1876 0.06416024043898634 0 0.04772265598482305 -0.2120488880677929 -0.3702989031450359 0.029487089269245793
269 1883 0.06901558566603401 0 0.049311819260137786 -0.21160147416833344 -0.38564637265997553 0.030757119222906307
270 1890 0.06676347501535768 0 0.03505400796177766 -0.2116623073970448 -0.38310514519666095 0.03046118363042458
271 1897 0.05216809915884631 0 0.04607668349614103 -0.21193171902103647 -0.37347478568988357 0.02962545040909837
272 1904 0.049556746013614525 0 0.05688391138944041 -0.21181460756282638 -0.37694986540730263 0.029876561808995963
273 1911 0.04658764151753557 0 0.04213050888179788 -0.21173432399120803 -0.37971802041597863 0.030101196299096245
274 1918 0.04116801466376271 0 0.043100279374709054 -0.21178615035449988 -0.37875902859365695 0.03011355163105483
275 1925 0.03571028107644981 0 0.02682900801018531 -0.21139054656855294 -0.3928531775012177 0.031369334522086366
276 1932 0.0366570390400457 0 0.05938977103365822 -0.2123318148833098 -0.3586690176322053 0.028243126625126885
277 1939 0.03332400938051415 0 0.05252920390446876 -0.21142207520649473 -0.3913527269322062 0.031190084637235112
278 1946 0.032709225223769615 0 0.05387527629055156 -0.21204508836488373 -0.3689435960737255 0.029166074991015402
279 1953 0.03251951365185818 0 0.0511650070775344 -0.2117412941630864 -0.3798675783751117 0.03014967017852797
280 1960 0.027543924580498647 0 0.026982646049872723 -0.2118878388273234 -0.3744014584142048 0.029641275786593698
281 1967 0.02228484223800006 0 0.04187578283486166 -0.21199835987514995 -0.3704945313157327 0.029292437013279413
282 1974 0.017152799306686582 0 0.02742626700875979 -0.21198289483071092 -0.37094528512279773 0.02932140538685694
283 1981 0.014840072685641616 0 0.04130033359481783 -0.2119646780644644 -0.3717663559857152 0.029413326766212604
284 1988 0.01471259333949997 0 0.05695332764782622 -0.21206890627113853 -0.3680153925416462 0.02907841003366768
285 1995 0.012592140845312221 0 0.06643990876516444 -0.2120481947763859 -0.36864541486251584 0.02911954827039316
286 2002 0.010942383942970898 0 0.05748030180146029 -0.2121083159986608 -0.366432784528789 0.02891637883172926
287 2009 0.010116675224007724 0 0.05378772783684936 -0.21195732294693514 -0.3719334632108548 0.02941702674220221
288 2016 0.01187786055284108 0 0.03309534275360175 -0.21190365327887936 -0.37384473306723826 0.029587769183703674
289 2023 0.012740568867122715 0 0.06625929877874467 -0.21188039706573328 -0.37467665348915197 0.02966108480509822
290 2030 0.01576393488533968 0 0.028241551907142212 -0.21173007834862545 -0.38010923428293436 0.03015263989174827
291 2037 0.01944456660616721 0 0.05133816735996361 -0.2118499645473326 -0.3757538074878197 0.02975277745771649
292 2044 0.019725095536966993 0 0.057451955845647856 -0.21165362492120524 -0.3827754173895025 0.030377900132407015
293 2051 0.015088192234241776 0 0.031180849622671314 -0.21194603407900467 -0.3723248783891541 0.029451467656936365
294 2058 0.012521631122358292 0 0.049559382948343174 -0.21190979172438126 -0.3735933707657651 0.029558768090316753
295 2065 0.0110538012802207 0 0.05447348538402687 -0.21184336763608458 -0.3759630200830167 0.029767458320016434
296 2072 0.00983840322550306 0 0.04424878371506039 -0.21180864426266394 -0.3772328577494329 0.02988499674156255
297 2079 0.009980536874131331 0 0.024937013521192295 -0.21185114440013686 -0.3757183756228483 0.029750474024259642
298 2086 0.010007863051342767 0 0.027906728168411832 -0.2117568395591572 -0.37912699035480496 0.030060566632224908
299 2093 0.00888026465006999 0 0.03962740000558073 -0.21179391749725932 -0.3777535381855917 0.029930148400325783
300 2100 0.008675829623097582 0 0.06955974400194583 -0.21172376084682404 -0.3802672304428951 0.03015458840126255
301 2107 0.01076402435044864 0 0.056913646889079725 -0.2116257453655971 -0.38381329732431196 0.030477777182485316
302 2114 0.011738736784876542 0 0.03591047388201854 -0.211567339785196 -0.38588072438768856 0.03065722574918538
303 2121 0.012767925998683604 0 0.04556001445252734 -0.21170140117051944 -0.3810289321486755 0.030216223651783787
304 2128 0.012246104704446877 0 0.0057753009918387055 -0.21152665464072448 -0.3873287947386352 0.030784195588545556
305 2135 0.012146000473946414 0 0.0368564325212918 -0.21149835485021834 -0.3883214922706016 0.03086974272948884
306 2142 0.009441948164918886 0 0.04493742167632614 -0.211595350144791 -0.38485519366076154 0.030561812220980984
307 2149 0.010333172208263288 0 0.0713502940737899 -0.21145720893063033 -0.389829975447066 0.031010422306395925
308 2156 0.009534790718993469 0 0.027498872675553367 -0.21169436521527424 -0.3812810538015827 0.030238798998401963
309 2163 0.01195078833046613 0 0.04016705142540309 -0.21178238366417726 -0.3781356673913387 0.029958931216397276
310 2170 0.009732495847106259 0 0.06124016259570111 -0.21146403668464506 -0.3895550900764229 0.03098114911349121
311 2177 0.010335489561656929 0 0.07548012885264646 -0.2114636500183488 -0.3895666587552456 0.03098215917114802
312 2184 0.008267946813944693 0 0.0782318043699895 -0.2116552297497504 -0.38270825904912587 0.030369829467588764
313 2191 0.007328412905109059 0 0.038013181949757203 -0.21164390355700838 -0.3831038025417007 0.03040364051051235
314 2198 0.006595941530684998 0 0.06024200015578155 -0.21170689139222212 -0.38085274290310334 0.03020385938414099
315 2205 0.006800049802650021 0 0.0601023328939739 -0.21172941259340586 -0.3800308479425759 0.030127696015663775
316 2212 0.00562578811668286 0 0.06125224128419683 -0.21170118200548962 -0.3810580969980703 0.030222142134219764
317 2219 0.005354765984404503 0 0.028034289990773495 -0.21173876335702518 -0.37970287314083623 0.03009971014310749
318 2226 0.005243786098562296 0 0.047234785965157344 -0.2117129482497768 -0.38062370057754236 0.030181294647278666
319 2233 0.004422066097376612 0 0.018216094939027035 -0.211733567029729 -0.3798795373120029 0.030113923527982603
320 2240 0.004065785212798392 0 0.058547893921773723 -0.21173118022826143 -0.3799708975800315 0.03012316029459199
321 2247 0.004834190901817004 0 0.048870447634956515 -0.21177315955218093 -0.37846107578507915 0.02998727215876484
322 2254 0.004629903001861215 0 0.04461933507908391 -0.2117720060831884 -0.3785060031417257 0.029991955207797398
323 2261 0.004636539672210877 0 0.05759418346325434 -0.21167203270230814 -0.3820914811805951 0.030312703050026913
324 2268 0.00444864965892447 0 0.058087420298252854 -0.2117107949897827 -0.3807015635963023 0.030188375132697204
325 2275 0.00445889672795296 0 0.058638914951500656 -0.2116932565659457 -0.38132984224524225 0.030244391178363403
326 2282 0.003911317205570781 0 0.03768993427779041 -0.21166620124848237 -0.3823013330512276 0.0303314592754436
327 2289 0.004536066238849633 0 0.08086704334323748 -0.21165707920908527 -0.3826293079925078 0.030360831651859654
328 2296 0.0037037666962923253 0 0.03337998142802202 -0.21170816080966137 -0.3807984148494306 0.030197274916916074
329 2303 0.003772857024880612 0 0.05150952523156088 -0.21166118223852612 -0.3824865800272265 0.0303487745904286
330 2310 0.00376559603083694 0 0.05034290618168785 -0.21163098495077312 -0.3835695352790307 0.030445643209344838
331 2317 0.0032335339948672283 0 0.04237747924322884 -0.21165866280280424 -0.38257267410675544 0.030355821419138125
332 2324 0.002915752375561827 0 0.015053819053419031 -0.21170224636770765 -0.3810103883499996 0.03021614107315399
333 2331 0.00252660794048259 0 0.043483694515754824 -0.21168920563914764 -0.38147785173952214 0.030257991166741972
334 2338 0.0026064338864568914 0 0.0316054639954736 -0.21166644247822666 -0.3822925970703086 0.03033058285873119
335 2345 0.003558948594524397 0 0.022574160984281107 -0.21165325198769008 -0.38276555716348165 0.03037298779171056
336 2352 0.0036839749427335596 0 0.053822024912301224 -0.21163702734417847 -0.3833510496199407 0.030425871148673764
337 2359 0.00400091601957245 0 0.060941197744692484 -0.21162435391651882 -0.38380745870108707 0.03046688376847972
338 2366 0.0034763782499040944 0 0.04278037990799062 -0.21159903380152578 -0.3847140082757592 0.0305477987744063
339 2373 0.0028716034482681005 0 0.033550428736994625 -0.21160184641039056 -0.3846148959289663 0.030539244487114654
340 2380 0.0025568319982832723 0 0.015250718574054366 -0.21164444183555933 -0.38308544591379073 0.030402080425912508
341 2387 0.002190636073810275 0 0.04553847025977487 -0.2116162881847246 -0.3840956792041475 0.03049262732408335
342 2394 0.0021080364275348627 0 0.05782749796288897 -0.21162589469072082 -0.38375186951288787 0.030461946836868228
343 2401 0.0016674339043687085 0 0.029116524851520584 -0.21162476711998607 -0.38379221375850586 0.030465545375407695
344 2408 0.001925162428230063 0 0.06517607966919887 -0.2116289558268779 -0.3836404647835534 0.030451781386142022
345 2415 0.001856881377387526 0 0.010796792510290724 -0.2116295474136901 -0.3836205109534276 0.0304501533485906
346 2422 0.002496260655305006 0 0.06785497050116895 -0.21160271577934017 -0.3845854528843334 0.03053694039648145
347 2429 0.0026745153454338154 0 0.0725889924571031 -0.21162942023870582 -0.3836259996806919 0.03045081456311506
348 2436 0.002443139426586339 0 0.05469036620110438 -0.211608827997159 -0.384365393595549 0.03051711182142918
349 2443 0.002494279260337219 0 0.016273719114912707 -0.21158988695857564 -0.38504625598666353 0.030578203844057766
350 2450 0.0028194432381170417 0 0.05515503902295375 -0.21160035000005867 -0.384671708539412 0.03054476953529531
351 2457 0.003449764996596952 0 0.035270760743147285 -0.21159204379672097 -0.3849719617322122 0.030571891083395045
352 2464 0.003879534765814205 0 0.044700687188449835 -0.21160508691349286 -0.38450225350285905 0.030529598839689948
353 2471 0.0036323935170107994 0 0.014360652633912683 -0.21159427909007578 -0.38489025589798326 0.03056439935056133
354 2478 0.003014161894854775 0 0.030979856187451315 -0.21159223330729027 -0.384963976415719 0.030571022301807988
355 2485 0.003143451632212163 0 0.038909318377981866 -0.21161474053934645 -0.3841572279762474 0.030498784543017816
356 2492 0.0028173724892733777 0 0.04905145768558668 -0.2115924891089002 -0.3849539564800288 0.030570031681463432
357 2499 0.0025303307780979844 0 0.005843137450756195 -0.2115921005915237 -0.3849672497803887 0.030571102388934374
358 2506 0.002604851077395066 0 0.03908527395194909 -0.21158287569550152 -0.38529911629213837 0.030600948886251977
359 2513 0.0024043226224625142 0 0.042930598407559625 -0.21158716326759977 -0.3851450213581608 0.030587117279855212
360 2520 0.0028617764162961966 0 0.06381085418990416 -0.21159923445589998 -0.3847103526229828 0.03054797088886989
361 2527 0.0033510677328261827 0 0.031969902724861714 -0.21158467628187058 -0.38523244399282774 0.030594711099101692
362 2534 0.0032232828648732694 0 0.025257576795405832 -0.2116069728337476 -0.38443207963976694 0.030522947183551648
363 2541 0.0034299359064127928 0 0.05426281453346422 -0.21158161007460266 -0.3853421203734673 0.030604508272917018
364 2548 0.002959001381583351 0 0.053975834274974675 -0.2115948998753572 -0.3848650508240308 0.030561728617831088
365 2555 0.0034895580482870773 0 0.047156029904846325 -0.21160236145229697 -0.3845962617478001 0.03053753075380459
366 2562 0.0030545712444226283 0 0.04809932682032274 -0.21158565249417036 -0.38519750281975607 0.0305916099577336
367 2569 0.0026728310932993184 0 0.018317985506436606 -0.2115979736648447 -0.38475607640039466 0.030552125587056143
368 2576 0.00296725131053905 0 0.02402504024594945 -0.21160623681977525 -0.3844601257975039 0.03052566948720798
369 2583 0.0034967070035421804 0 0.03811044939237622 -0.211610370621122 -0.3843111264650637 0.03051220548713225
370 2590 0.004160226912926088 0 0.05465219283981006 -0.2116093070830067 -0.38434943541755634 0.030515637750722625
371 2597 0.004119882033307927 0 0.0690669101059767 -0.2116224050454596 -0.38388061842150445 0.030473748246040374
372 2604 0.003323980771998944 0 0.07077533551223812 -0.21161796621308357 -0.3840387180156941 0.03048779862063188
373 2611 0.002971696368445252 0 0.04399524845787739 -0.21159206224115845 -0.3849683760644901 0.03057117356527085
374 2618 0.0024227326503842264 0 0.04506058558119984 -0.21161007343475996 -0.38432251623840846 0.030513295687328787
375 2625 0.0025047034225003898 0 0.030917366703615164 -0.2115972284603671 -0.38478262201871855 0.03055446206065897
376 2632 0.0025567570934670954 0 0.05344626257972158 -0.21159137285262944 -0.3849921563123915 0.03057317744064043
377 2639 0.0032742395531684724 0 0.0632726533043842 -0.211584878381837 -0.3852246335637161 0.030593962737342172
378 2646 0.0035054854926580767 0 0.035436157112091075 -0.21158103687505164 -0.3853612737650196 0.030606097485214243
379 2653 0.004038316980096984 0 0.028532812675976772 -0.21157786327734804 -0.3854739827160852 0.030616070037462167
380 2660 0.0053974527444571015 0 0.03813418617968869 -0.21156292382609077 -0.38600841379955364 0.030663822263643913
381 2667 0.0064960636104988674 0 0.0761709462173691 -0.21158970526251533 -0.38504815758498934 0.03057780415870087
382 2674 0.005221940037829059 0 0.04637967805337319 -0.211589330072421 -0.38506283784244216 0.03057924534517677
383 2681 0.004245502258582278 0 0.04309439636694531 -0.21157444024365843 -0.38559617200490576 0.030626952041035913
384 2688 0.003768734945550108 0 0.06848161454126488 -0.21158938286344278 -0.38506166987647095 0.030579225383469057
385 2695 0.0038133049831368783 0 0.055991814131272945 -0.2115831434739473 -0.3852852158515517 0.03059922482928987
386 2702 0.005265336221497969 0 0.06586920366972253 -0.21158693403919895 -0.38515307894151257 0.03058779618395562
387 2709 0.005233339270640264 0 0.08059747604663009 -0.21161766738115095 -0.38405082541426305 0.03048901913805199
388 2716 0.0055852837613338665 0 0.0369982914281515 -0.21159918813158043 -0.384715185332627 0.030548726741264114
389 2723 0.007552356215203792 0 0.05250451900149829 -0.21160355067341588 -0.38455954820584787 0.03053487189417456
390 2730 0.007321462612888224 0 0.04739114094202502 -0.21159263996171815 -0.3849513584168538 0.030570029599201198
391 2737 0.006330218605744882 0 0.033875081804976226 -0.211580920893554 -0.3853695137950611 0.030607276729969705
392 2744 0.00767717626718639 0 0.04580787369274964 -0.21161306680872674 -0.38422017657541574 0.03050464300954315
393 2751 0.008370989710241123 0 0.04874849658119632 -0.21166130822003168 -0.3824928887771062 0.03035018087055224
394 2758 0.009339204666305381 0 0.05890099730147257 -0.21163595880473743 -0.3834034936741287 0.030431930924980463
395 2765 0.010530286682578766 0 0.05352925195644747 -0.2117169567976025 -0.3805041116587733 0.030172708936016365
396 2772 0.011844541423378908 0 0.043160231916664085 -0.21172880951528855 -0.38007709619616903 0.0301342273418654
397 2779 0.01818484623561438 0 0.03437553705049998 -0.21184501403805334 -0.3759167449359863 0.029762160743802578
398 2786 0.018030968744874996 0 0.03476259004272382 -0.21180704821215376 -0.37727680263303465 0.02988386721461001
399 2793 0.022490520923993174 0 0.0323551624002842 -0.21193900544221211 -0.37254593248380047 0.029460120101090583
400 2800 0.022906888649808478 0 0.013856752180209516 -0.2117294985887637 -0.3800509879105777 0.03013166864869718
401 2807 0.02747593179842191 0 0.028385459411303337 -0.2119533590704821 -0.3720355275281751 0.02941480956588094
402 2814 0.02782831197844143 0 0.03322541292912531 -0.21203963913311946 -0.3689513525450028 0.02913949667334924
403 2821 0.02812271137453197 0 0.059541951000311476 -0.21185900811892017 -0.37542246662643125 0.029718595582769364
404 2828 0.022661085102751763 0 0.04449659953733137 -0.2120152143443743 -0.3698180751054393 0.029216223183190903
405 2835 0.02538648616337065 0 0.01917937528689662 -0.21186307560374842 -0.3752680096520294 0.029703949562378235
406 2842 0.029755274932062543 0 0.04108522423086619 -0.21200223707249335 -0.3702945632136956 0.029260109502535114
407 2849 0.026453835716501697 0 0.05173316689910777 -0.21187343628247757 -0.3749024253944382 0.029671796475671135
408 2856 0.025902836377620045 0 0.04770123437443505 -0.21183520801296019 -0.3762656165495827 0.02979317085228081
409 2863 0.023856000785141915 0 0.0706822685789501 -0.2116841267662439 -0.38167104252384076 0.030276135346032046
410 2870 0.022400534124685366 0 0.025588179188854226 -0.21174393954191126 -0.379535211049747 0.030085705218015613
411 2877 0.02176148512588472 0 0.023426494861261672 -0.2119136915171663 -0.3734553732850947 0.029541802541660646
412 2884 0.023299635104789617 0 0.054376810577115055 -0.21181667461818787 -0.37692911679538166 0.029852429369855642
413 2891 0.029223154957646148 0 0.05795413867238299 -0.21182500673795243 -0.3766264270713347 0.029824896690241853
414 2898 0.03105459866664198 0 0.013446881618041938 -0.21163358807081406 -0.3834803127850763 0.030437873902449643
415 2905 0.03353918175255411 0 0.03347863604708499 -0.21161340358623065 -0.38420213930548097 0.030502361220932254
416 2912 0.030508038194253306 0 0.07834618648034877 -0.2117094687722466 -0.3807664778235373 0.030195498591619473
417 2919 0.03395326540944852 0 0.030639532577372328 -0.21177080832739312 -0.37856363303222335 0.029997808344349005
418 2926 0.02842835404604518 0 0.07078341844805908 -0.2118022410832063 -0.377442256956653 0.029897946194848195
419 2933 0.02375280541529432 0 0.06307427780511475 -0.21175914313233996 -0.3789807544531464 0.030035067616809675
420 2940 0.018866694141392193 0 0.053444772423441686 -0.2117534792319479 -0.37918824486281943 0.030054117964471744
421 2947 0.016639857307667077 0 0.06807271648789943 -0.2118187820911976 -0.3768464465223412 0.029844279751125
422 2954 0.014583579658881192 0 0.037154744571496826 -0.2117405173667672 -0.3796495713321653 0.030095063310565478
423 2961 0.014931432659573366 0 0.058931797211587894 -0.21169916842599526 -0.38113050381354496 0.030227568953859668
424 2968 0.015349362639704617 0 0.034231386693475994 -0.2117603358135728 -0.37894281427720067 0.03003217467968056
425 2975 0.020555314604338105 0 0.045526024200214725 -0.21167961958984666 -0.3818311989669587 0.030290348825451337
426 2982 0.021100229358335495 0 0.034637647618178447 -0.2117480972533746 -0.3793756693985879 0.03007031927163688
427 2989 0.025979802436458813 0 0.06027536557586109 -0.21157918684028107 -0.3854283801603869 0.03061218609466172
428 2996 0.02288635429285302 0 0.040574953489616164 -0.2116723075267452 -0.38209734144045043 0.03031461716890851
429 3003 0.023041205941876676 0 0.03582410437731318 -0.21177415555896376 -0.3784513670491832 0.029988608306402875
430 3010 0.036327577707342164 0 0.03795669683597545 -0.21198889030525914 -0.37076390835730544 0.02930118587745347
431 3017 0.0309262186179111 0 0.027011606166082874 -0.21158799346302906 -0.3851113826349782 0.030583645898035236
432 3024 0.029906076017978157 0 0.012428935341799103 -0.21186523418512285 -0.3751925618683061 0.029697418047992055
433 3031 0.02947501718342809 0 0.03290376061101198 -0.21179733930957334 -0.3776239914542673 0.029914907726553867
434 3038 0.039281279275963185 0 0.03757055563309483 -0.21200735975617852 -0.3701098376680753 0.029243463408910972
435 3045 0.042333234912018465 0 0.033229008005875575 -0.21184349890538912 -0.3759790635450572 0.029768650433335334
436 3052 0.042986559809788084 0 0.0698314188512609 -0.21186871095033194 -0.3750712130780417 0.029686859814807603
437 3059 0.06091156590449827 0 0.039094012804926255 -0.2119073191212985 -0.373699977711601 0.02956539897333069
438 3066 0.09111359993291485 0 0.08602850513524023 -0.21206505274668352 -0.3680587499263498 0.029061458085302746
439 3073 0.10762181501664665 0 0.05043503906270642 -0.21244882061601172 -0.3543333462476656 0.02783558972553101
440 3080 0.11866285561337633 0 0.0388286148490394 -0.21266061260963762 -0.34673599611973294 0.02715453241406971
441 3087 0.13623926472164752 0 0.06091662154815711 -0.21280693998492303 -0.341520358855021 0.026690734945620055
442 3094 0.14083342494506543 0 0.03874810500158211 -0.2126719789430946 -0.3463772742875882 0.027127759692973142
443 3101 0.13243773079764473 0 0.0468215741417262 -0.2123894794903832 -0.35648750783002614 0.028031679920576272
444 3108 0.14103656648320873 0 0.07716322213671634 -0.21221526803594315 -0.3627003818840402 0.02858457265670141
445 3115 0.1352895520826029 0 0.025642132043171176 -0.2122748161783105 -0.3605719892748411 0.028394670249875235
446 3122 0.12142727169395649 0 0.034448993737105194 -0.21204847589505552 -0.368680397860627 0.029120180732655133
447 3129 0.12935154061117982 0 0.029849289902721347 -0.21251763057470266 -0.3518624490138843 0.027613912401118018
448 3136 0.166421987088349 0 0.056817600436691824 -0.2122179884964319 -0.3625585312557169 0.028567025557614596
449 3143 0.20509790661735028 0 0.04722389523090705 -0.21251047535458292 -0.35205946886602013 0.027625345594738417
450 3150 0.18506331861341865 0 0.03061788045031158 -0.2127103238181208 -0.3449641056694336 0.02699695905202043
451 3157 0.17164123016151242 0 0.026980474351335604 -0.21216722573863575 -0.36434473085032293 0.02872329011602764
452 3164 0.16793105494325444 0 0.031950314301499846 -0.2122305422838061 -0.36206861904205306 0.028518681575703853
453 3171 0.16700501272709137 0 0.02698231287810942 -0.21250332340189446 -0.35231975850187724 0.02764871721622816
454 3178 0.182963797112073 0 0.058098727516148044 -0.21251505961569098 -0.35195326472625005 0.02762177936106535
455 3185 0.18754777679674778 0 0.04048355884863694 -0.21243230997235246 -0.3548876424299845 0.02788089550294897
456 3192 0.17264834348516617 0 0.060475834252133556 -0.21244598401310005 -0.3544060943315389 0.02783911279567201
457 3199 0.2062600288000333 0 0.061489617998733814 -0.21280683689068286 -0.3415343471352572 0.026692719181128487
458 3206 0.18404388214929215 0 0.0630250981496246 -0.21277522005625685 -0.34265470127693937 0.026791830707744494
459 3213 0.1829286987667618 0 0.04996324582241612 -0.21297459607206382 -0.3354572808653283 0.026141766291914958
460 3220 0.14607787665897803 0 0.055725776756870564 -0.2129382137120932 -0.3368021579468875 0.02626654748208515
461 3227 0.12093548529208026 0 0.05464099740576569 -0.21276345023374651 -0.34301938360866996 0.02681839373618512
462 3234 0.11370491536009104 0 0.0644294009277251 -0.21281620101075122 -0.34116533198261223 0.02665612878369032
463 3241 0.09630607657320453 0 0.05213656591895586 -0.2129614568968621 -0.33593656096290964 0.026185583203657742
464 3248 0.09509145464320114 0 0.06572464504131607 -0.2128171846267607 -0.34108668598469927 0.02664454290690335
465 3255 0.08120248411125791 0 0.07623233849985395 -0.2128372581313735 -0.3403963194460349 0.026585743944484333
466 3262 0.06646320808939996 0 0.0704314418315888 -0.21281959603327422 -0.3410156794570513 0.02663983895744692
467 3269 0.06653250181197459 0 0.058001513112134265 -0.21279172562317733 -0.3420042852731464 0.026727251382173935
468 3276 0.06299610623776278 0 0.03348479534740119 -0.21278562928219588 -0.3422218041221321 0.026746595659732895
469 3283 0.06620383177057312 0 0.06852799027046975 -0.21273082700342213 -0.3441877478115004 0.02692281506651099
470 3290 0.08596144241983697 0 0.05647151714159497 -0.21269632415471185 -0.34542123022957116 0.02703300073782151
471 3297 0.0983010654966066 0 0.049665812411865726 -0.2125741940975085 -0.3497814852960814 0.027421620652417773
472 3304 0.10711023751906684 0 0.04858254081724384 -0.21268482412118983 -0.3458464007188653 0.027072498729705363
473 3311 0.10804584883118923 0 0.06475077416885218 -0.21258222415853648 -0.3494934394312669 0.027395828843816968
474 3318 0.10361976268392564 0 0.04509236136370026 -0.21256311683959025 -0.3502022767142197 0.02746184708872155
475 3325 0.10799800421638447 0 0.07317470633846597 -0.21256545610422173 -0.3501196208680873 0.027454496975706958
476 3332 0.15299992992535527 0 0.030389896094587296 -0.21277188430291408 -0.3427450795496554 0.02679665481778655
477 3339 0.17276977794811046 0 0.04616813242781764 -0.2126635761141206 -0.34664316237562187 0.027147429363678456
478 3346 0.2602075640917994 0 0.0670340310878397 -0.21290544570338005 -0.337993907942123 0.026374915342357457
479 3353 0.25580777805224036 0 0.07178704065480249 -0.21263926941886596 -0.34751348896148887 0.027225203283740514
480 3360 0.25697875630657757 0 0.06934344497850715 -0.21295599294851744 -0.3361960099256965 0.02621548377064132
481 3367 0.24451298053829226 0 0.04998322688824678 -0.21304679666371198 -0.3329554585540174 0.02592670806728215
482 3374 0.32245249999182046 0 0.036546077818686046 -0.21350936374538493 -0.3164151180902981 0.024449702661674587
483 3381 0.27935131092179655 0 0.046321551788518385 -0.21321125184143871 -0.32707142738195205 0.02540092914184381
484 3388 0.224659995423673 0 0.038851856178952066 -0.2128875814059758 -0.3385988128277866 0.02642538263484241
485 3395 0.18680983603752085 0 0.0701001336862377 -0.21303806864521274 -0.3332461502014418 0.02595047827580537
486 3402 0.15349891478183245 0 0.06503824274369269 -0.21300174871806482 -0.33454944656966484 0.026067317834131333
487 3409 0.11907615827189968 0 0.05573071110499425 -0.21304168340194726 -0.3331249434250223 0.02594048307654248
488 3416 0.10803756817869377 0 0.04223876389908787 -0.21304769166549814 -0.33290070205821637 0.025919416537415616
489 3423 0.11355000527547196 0 0.05987235892978306 -0.21294786688589992 -0.3364566338385509 0.0262355640054112
490 3430 0.11928075827962277 0 0.0474764166306898 -0.21289756190155468 -0.3382538569805492 0.026395885356196372
491 3437 0.1281179379532325 0 0.06626602226190151 -0.2128218028218997 -0.340955505254197 0.02663634464980069
492 3444 0.12114243544956657 0 0.048409197874282064 -0.21298022374174128 -0.3352894739368255 0.026130249744262805
493 3451 0.10248719661206547 0 0.041613994825850514 -0.2129015732090967 -0.33810253914313615 0.02638153322959609
494 3458 0.1001212883499934 0 0.02745893761499771 -0.21293297645182258 -0.3369860517272333 0.026282542377898337
495 3465 0.13513559891817706 0 0.06736843881484676 -0.21284997638292513 -0.3399343991894987 0.02654376544347556
496 3472 0.15117730885318298 0 0.043863349313976674 -0.2128225484399824 -0.3409122123492686 0.02663076837958039
497 3479 0.12633443055877558 0 0.03845941543889474 -0.2128826354673323 -0.33877306698159415 0.026440722834548434
498 3486 0.09328812109547815 0 0.04730670042416423 -0.2128934176703854 -0.33838784412684736 0.026406354677555862
499 3493 0.08467079010862637 0 0.05977527824502616 -0.21286434394841264 -0.3394244295706531 0.02649859432344366
500 3500 0.07093162069733251 0 0.05503066670854394 -0.2128469233875219 -0.34004671064669245 0.026554115111004823
501 3507 0.06738304268758366 0 0.036008387170839734 -0.21283475519499584 -0.34047819867631324 0.026592248202415607
502 3514 0.05286377325134435 0 0.07450377561618506 -0.21281029010942557 -0.34134984939065227 0.026669757215577336
503 3521 0.047954189060298406 0 0.06076419000161576 -0.2128254241095367 -0.3408101039719852 0.026621711561373093
504 3528 0.047605836965706895 0 0.06340532025123956 -0.21286936105750945 -0.339243411603981 0.026482264459786006
505 3535 0.047743379162190874 0 0.04845181953524644 -0.21284699767415244 -0.3400414408271914 0.0265533551153871
505 3535 0.047743379162190874 0 0.04845181953524644 -0.21284699767415244 -0.3400414408271914 0.0265533551153871
